0,1723108491.6083589,[100.205681, -516.568176, 352.908844, 179.999619, -0.006704, -0.004297]
2,1723108491.8121045,[100.205681, -516.568176, 352.908844, 179.999619, -0.006704, -0.004297]
2,1723108492.0123649,[99.455757, -516.568176, 352.908844, 179.999619, -0.006704, -0.004297]
2,1723108492.212756,[98.705757, -516.568176, 352.908844, 179.999619, -0.006704, -0.004297]
2,1723108492.4130917,[97.955757, -516.568176, 352.908844, 179.999619, -0.006704, -0.004297]
2,1723108492.6133394,[97.205757, -516.568176, 352.908844, 179.999619, -0.006704, -0.004297]
2,1723108492.8136292,[96.455757, -516.568176, 352.908844, 179.999619, -0.006704, -0.004297]
2,1723108493.0139325,[95.705757, -516.568176, 352.908844, 179.999619, -0.006704, -0.004297]
2,1723108493.2140825,[94.955757, -516.568176, 352.908844, 179.999619, -0.006704, -0.004297]
2,1723108493.4143853,[94.205757, -516.568176, 352.908844, 179.999619, -0.006704, -0.004297]
2,1723108493.6146789,[93.455757, -516.568176, 352.908844, 179.999619, -0.006704, -0.004297]
2,1723108493.8149607,[92.705757, -516.568176, 352.908844, 179.999619, -0.006704, -0.004297]
2,1723108494.0151799,[91.955757, -516.568176, 352.908844, 179.999619, -0.006704, -0.004297]
2,1723108494.2153575,[91.205757, -516.568176, 352.908844, 179.999619, -0.006704, -0.004297]
2,1723108494.4155867,[90.455757, -516.568176, 352.908844, 179.999619, -0.006704, -0.004297]
2,1723108494.6158276,[89.705757, -516.568176, 352.908844, 179.999619, -0.006704, -0.004297]
2,1723108494.8161619,[88.955757, -516.568176, 352.908844, 179.999619, -0.006704, -0.004297]
2,1723108495.0164654,[88.205757, -516.568176, 352.908844, 179.999619, -0.006704, -0.004297]
2,1723108495.2164843,[87.455757, -516.568176, 352.908844, 179.999619, -0.006704, -0.004297]
2,1723108495.4167163,[86.705757, -516.568176, 352.908844, 179.999619, -0.006704, -0.004297]
2,1723108495.616931,[85.955757, -516.568176, 352.908844, 179.999619, -0.006704, -0.004297]
2,1723108495.8172195,[85.205757, -516.568176, 352.908844, 179.999619, -0.006704, -0.004297]
2,1723108496.0174913,[84.455757, -516.568176, 352.908844, 179.999619, -0.006704, -0.004297]
2,1723108496.2177145,[83.705757, -516.568176, 352.908844, 179.999619, -0.006704, -0.004297]
2,1723108496.4180453,[82.955757, -516.568176, 352.908844, 179.999619, -0.006704, -0.004297]
2,1723108496.6183195,[82.205757, -516.568176, 352.908844, 179.999619, -0.006704, -0.004297]
2,1723108496.818603,[81.455757, -516.568176, 352.908844, 179.999619, -0.006704, -0.004297]
2,1723108497.0189087,[80.705757, -516.568176, 352.908844, 179.999619, -0.006704, -0.004297]
2,1723108497.2191904,[79.955757, -516.568176, 352.908844, 179.999619, -0.006704, -0.004297]
2,1723108497.4194822,[79.205757, -516.568176, 352.908844, 179.999619, -0.006704, -0.004297]
2,1723108497.6196835,[78.455757, -516.568176, 352.908844, 179.999619, -0.006704, -0.004297]
2,1723108497.8200247,[77.705757, -516.568176, 352.908844, 179.999619, -0.006704, -0.004297]
2,1723108498.0203319,[76.955757, -516.568176, 352.908844, 179.999619, -0.006704, -0.004297]
2,1723108498.2205145,[76.205757, -516.568176, 352.908844, 179.999619, -0.006704, -0.004297]
2,1723108498.4208202,[75.455757, -516.568176, 352.908844, 179.999619, -0.006704, -0.004297]
2,1723108498.6212165,[74.705757, -516.568176, 352.908844, 179.999619, -0.006704, -0.004297]
2,1723108498.8215759,[73.955757, -516.568176, 352.908844, 179.999619, -0.006704, -0.004297]
2,1723108499.02195,[73.205757, -516.568176, 352.908844, 179.999619, -0.006704, -0.004297]
2,1723108499.2223828,[72.455757, -516.568176, 352.908844, 179.999619, -0.006704, -0.004297]
2,1723108499.4227815,[71.705757, -516.568176, 352.908844, 179.999619, -0.006704, -0.004297]
2,1723108499.623061,[70.955757, -516.568176, 352.908844, 179.999619, -0.006704, -0.004297]
2,1723108499.8233736,[70.205757, -516.568176, 352.908844, 179.999619, -0.006704, -0.004297]
2,1723108500.0236719,[69.455757, -516.568176, 352.908844, 179.999619, -0.006704, -0.004297]
2,1723108500.2239854,[68.705757, -516.568176, 352.908844, 179.999619, -0.006704, -0.004297]
2,1723108500.4242678,[67.955757, -516.568176, 352.908844, 179.999619, -0.006704, -0.004297]
2,1723108500.62463,[67.205757, -516.568176, 352.908844, 179.999619, -0.006704, -0.004297]
2,1723108500.824911,[66.455757, -516.568176, 352.908844, 179.999619, -0.006704, -0.004297]
2,1723108501.0252464,[65.705757, -516.568176, 352.908844, 179.999619, -0.006704, -0.004297]
2,1723108501.2255683,[64.955757, -516.568176, 352.908844, 179.999619, -0.006704, -0.004297]
2,1723108501.425955,[64.205757, -516.568176, 352.908844, 179.999619, -0.006704, -0.004297]
2,1723108501.626399,[63.455753, -516.568176, 352.908844, 179.999619, -0.006704, -0.004297]
2,1723108501.8268082,[62.705753, -516.568176, 352.908844, 179.999619, -0.006704, -0.004297]
2,1723108502.0271676,[61.955753, -516.568176, 352.908844, 179.999619, -0.006704, -0.004297]
2,1723108502.22753,[61.205753, -516.568176, 352.908844, 179.999619, -0.006704, -0.004297]
2,1723108502.427876,[60.455753, -516.568176, 352.908844, 179.999619, -0.006704, -0.004297]
2,1723108502.6282005,[59.705753, -516.568176, 352.908844, 179.999619, -0.006704, -0.004297]
2,1723108502.8284574,[58.955753, -516.568176, 352.908844, 179.999619, -0.006704, -0.004297]
2,1723108503.0288086,[58.205753, -516.568176, 352.908844, 179.999619, -0.006704, -0.004297]
2,1723108503.229084,[57.455753, -516.568176, 352.908844, 179.999619, -0.006704, -0.004297]
2,1723108503.4295092,[56.705753, -516.568176, 352.908844, 179.999619, -0.006704, -0.004297]
2,1723108503.6298592,[55.955753, -516.568176, 352.908844, 179.999619, -0.006704, -0.004297]
2,1723108503.8301861,[55.205753, -516.568176, 352.908844, 179.999619, -0.006704, -0.004297]
2,1723108504.030292,[54.455753, -516.568176, 352.908844, 179.999619, -0.006704, -0.004297]
2,1723108504.2305925,[53.705753, -516.568176, 352.908844, 179.999619, -0.006704, -0.004297]
2,1723108504.4309278,[52.955753, -516.568176, 352.908844, 179.999619, -0.006704, -0.004297]
2,1723108504.6312685,[52.205753, -516.568176, 352.908844, 179.999619, -0.006704, -0.004297]
2,1723108504.831662,[51.455753, -516.568176, 352.908844, 179.999619, -0.006704, -0.004297]
2,1723108505.0319843,[50.705753, -516.568176, 352.908844, 179.999619, -0.006704, -0.004297]
2,1723108505.2323325,[49.955753, -516.568176, 352.908844, 179.999619, -0.006704, -0.004297]
2,1723108505.4325147,[49.205753, -516.568176, 352.908844, 179.999619, -0.006704, -0.004297]
2,1723108505.6328351,[48.455753, -516.568176, 352.908844, 179.999619, -0.006704, -0.004297]
2,1723108505.8330998,[47.705753, -516.568176, 352.908844, 179.999619, -0.006704, -0.004297]
2,1723108506.033397,[46.955753, -516.568176, 352.908844, 179.999619, -0.006704, -0.004297]
2,1723108506.2336314,[46.205753, -516.568176, 352.908844, 179.999619, -0.006704, -0.004297]
2,1723108506.4339628,[45.455753, -516.568176, 352.908844, 179.999619, -0.006704, -0.004297]
2,1723108506.6343899,[44.705753, -516.568176, 352.908844, 179.999619, -0.006704, -0.004297]
2,1723108506.8346891,[43.955753, -516.568176, 352.908844, 179.999619, -0.006704, -0.004297]
2,1723108507.0350003,[43.205753, -516.568176, 352.908844, 179.999619, -0.006704, -0.004297]
2,1723108507.235202,[42.455753, -516.568176, 352.908844, 179.999619, -0.006704, -0.004297]
2,1723108507.4356818,[41.705753, -516.568176, 352.908844, 179.999619, -0.006704, -0.004297]
2,1723108507.6360204,[40.955753, -516.568176, 352.908844, 179.999619, -0.006704, -0.004297]
2,1723108507.8364627,[40.205753, -516.568176, 352.908844, 179.999619, -0.006704, -0.004297]
2,1723108508.0368435,[39.455753, -516.568176, 352.908844, 179.999619, -0.006704, -0.004297]
2,1723108508.2371373,[38.705753, -516.568176, 352.908844, 179.999619, -0.006704, -0.004297]
2,1723108508.4373047,[37.955753, -516.568176, 352.908844, 179.999619, -0.006704, -0.004297]
2,1723108508.6377208,[37.205753, -516.568176, 352.908844, 179.999619, -0.006704, -0.004297]
2,1723108508.838013,[36.455753, -516.568176, 352.908844, 179.999619, -0.006704, -0.004297]
2,1723108509.0383532,[35.705753, -516.568176, 352.908844, 179.999619, -0.006704, -0.004297]
2,1723108509.2386637,[34.955753, -516.568176, 352.908844, 179.999619, -0.006704, -0.004297]
2,1723108509.4390364,[34.205753, -516.568176, 352.908844, 179.999619, -0.006704, -0.004297]
2,1723108509.6427038,[33.455753, -516.568176, 352.908844, 179.999619, -0.006704, -0.004297]
2,1723108509.8429523,[32.705753, -516.568176, 352.908844, 179.999619, -0.006704, -0.004297]
2,1723108510.0432189,[31.955755, -516.568176, 352.908844, 179.999619, -0.006704, -0.004297]
2,1723108510.243481,[31.205755, -516.568176, 352.908844, 179.999619, -0.006704, -0.004297]
2,1723108510.4439263,[30.455755, -516.568176, 352.908844, 179.999619, -0.006704, -0.004297]
3,1723108510.6441927,[29.705755, -516.568176, 352.908844, 179.999619, -0.006704, -0.004297]
3,1723108510.8445466,[29.705681, -515.818237, 352.908844, 179.999619, -0.006704, -0.004297]
3,1723108511.0449507,[29.705681, -515.068237, 352.908844, 179.999619, -0.006704, -0.004297]
3,1723108511.2453148,[29.705681, -514.318237, 352.908844, 179.999619, -0.006704, -0.004297]
3,1723108511.4455712,[29.705681, -513.568237, 352.908844, 179.999619, -0.006704, -0.004297]
3,1723108511.6458914,[29.705681, -512.818237, 352.908844, 179.999619, -0.006704, -0.004297]
3,1723108511.8461795,[29.705681, -512.068237, 352.908844, 179.999619, -0.006704, -0.004297]
3,1723108512.0462272,[29.705681, -511.318237, 352.908844, 179.999619, -0.006704, -0.004297]
2,1723108512.2462382,[29.705681, -510.568237, 352.908844, 179.999619, -0.006704, -0.004297]
0,1723108512.4465024,[28.955755, -510.568146, 352.908844, 179.999619, -0.006704, -0.004297]
0,1723108512.6468554,[28.955755, -510.568146, 352.908844, 179.999619, -0.006704, -0.004297]
0,1723108512.847213,[28.955755, -510.568146, 352.908844, 179.999619, -0.006704, -0.004297]
0,1723108513.0474968,[28.955755, -510.568146, 352.908844, 179.999619, -0.006704, -0.004297]
0,1723108513.247765,[28.955755, -510.568146, 352.908844, 179.999619, -0.006704, -0.004297]
3,1723108513.4481828,[28.955755, -510.568146, 352.908844, 179.999619, -0.006704, -0.004297]
3,1723108513.6484027,[28.955681, -509.818237, 352.908844, 179.999619, -0.006704, -0.004297]
3,1723108513.8486805,[28.955681, -509.068237, 352.908844, 179.999619, -0.006704, -0.004297]
3,1723108514.0489826,[28.955681, -508.318237, 352.908844, 179.999619, -0.006704, -0.004297]
3,1723108514.249252,[28.955681, -507.568237, 352.908844, 179.999619, -0.006704, -0.004297]
3,1723108514.4495013,[28.955681, -506.818237, 352.908844, 179.999619, -0.006704, -0.004297]
3,1723108514.6530693,[28.955681, -506.068237, 352.908844, 179.999619, -0.006704, -0.004297]
3,1723108514.8533337,[28.955681, -505.318237, 352.908844, 179.999619, -0.006704, -0.004297]
3,1723108515.0535789,[28.955681, -504.568237, 352.908844, 179.999619, -0.006704, -0.004297]
3,1723108515.2542305,[28.955681, -503.818237, 352.908844, 179.999619, -0.006704, -0.004297]
3,1723108515.4546971,[28.955681, -503.068237, 352.908844, 179.999619, -0.006704, -0.004297]
3,1723108515.6550517,[28.955681, -502.318237, 352.908844, 179.999619, -0.006704, -0.004297]
3,1723108515.8553705,[28.955681, -501.568237, 352.908844, 179.999619, -0.006704, -0.004297]
3,1723108516.0556526,[28.955681, -500.818237, 352.908844, 179.999619, -0.006704, -0.004297]
3,1723108516.255824,[28.955681, -500.068237, 352.908844, 179.999619, -0.006704, -0.004297]
3,1723108516.4560888,[28.955681, -499.318237, 352.908844, 179.999619, -0.006704, -0.004297]
3,1723108516.656355,[28.955681, -498.568237, 352.908844, 179.999619, -0.006704, -0.004297]
3,1723108516.8567727,[28.955681, -497.818237, 352.908844, 179.999619, -0.006704, -0.004297]
3,1723108517.0570488,[28.955681, -497.068237, 352.908844, 179.999619, -0.006704, -0.004297]
3,1723108517.2572758,[28.955681, -496.318237, 352.908844, 179.999619, -0.006704, -0.004297]
3,1723108517.4575377,[28.955681, -495.568237, 352.908844, 179.999619, -0.006704, -0.004297]
3,1723108517.6579213,[28.955681, -494.818237, 352.908844, 179.999619, -0.006704, -0.004297]
3,1723108517.858172,[28.955681, -494.068237, 352.908844, 179.999619, -0.006704, -0.004297]
3,1723108518.0584512,[28.955681, -493.318237, 352.908844, 179.999619, -0.006704, -0.004297]
3,1723108518.2587004,[28.955681, -492.568237, 352.908844, 179.999619, -0.006704, -0.004297]
3,1723108518.4589803,[28.955681, -491.818237, 352.908844, 179.999619, -0.006704, -0.004297]
3,1723108518.6591964,[28.955681, -491.068237, 352.908844, 179.999619, -0.006704, -0.004297]
0,1723108518.859471,[28.955681, -490.318237, 352.908844, 179.999619, -0.006704, -0.004297]
5,1723108519.0598602,[28.955681, -490.318237, 352.908844, 179.999619, -0.006704, -0.004297]
5,1723108519.260166,[28.955681, -490.318146, 352.158905, 179.999619, -0.006704, -0.004297]
5,1723108519.4604242,[28.955681, -490.318146, 351.408905, 179.999619, -0.006704, -0.004297]
5,1723108519.6606355,[28.955681, -490.318146, 350.658905, 179.999619, -0.006704, -0.004297]
5,1723108519.8610234,[28.955681, -490.318146, 349.908905, 179.999619, -0.006704, -0.004297]
5,1723108520.0612795,[28.955681, -490.318146, 349.158905, 179.999619, -0.006704, -0.004297]
5,1723108520.2616322,[28.955681, -490.318146, 348.408905, 179.999619, -0.006704, -0.004297]
5,1723108520.462005,[28.955681, -490.318146, 347.658905, 179.999619, -0.006704, -0.004297]
5,1723108520.6624012,[28.955681, -490.318146, 346.908905, 179.999619, -0.006704, -0.004297]
5,1723108520.8627958,[28.955681, -490.318146, 346.158905, 179.999619, -0.006704, -0.004297]
5,1723108521.0631728,[28.955681, -490.318146, 345.408905, 179.999619, -0.006704, -0.004297]
5,1723108521.2635572,[28.955681, -490.318146, 344.658905, 179.999619, -0.006704, -0.004297]
5,1723108521.4638395,[28.955681, -490.318146, 343.908905, 179.999619, -0.006704, -0.004297]
5,1723108521.6642342,[28.955681, -490.318146, 343.158905, 179.999619, -0.006704, -0.004297]
5,1723108521.8645852,[28.955681, -490.318146, 342.408905, 179.999619, -0.006704, -0.004297]
5,1723108522.064939,[28.955681, -490.318146, 341.658905, 179.999619, -0.006704, -0.004297]
5,1723108522.2652643,[28.955681, -490.318146, 340.908905, 179.999619, -0.006704, -0.004297]
5,1723108522.465626,[28.955681, -490.318146, 340.158905, 179.999619, -0.006704, -0.004297]
5,1723108522.6659827,[28.955681, -490.318146, 339.408905, 179.999619, -0.006704, -0.004297]
5,1723108522.8663647,[28.955681, -490.318146, 338.658905, 179.999619, -0.006704, -0.004297]
5,1723108523.0667179,[28.955681, -490.318146, 337.908905, 179.999619, -0.006704, -0.004297]
5,1723108523.2670093,[28.955681, -490.318146, 337.158905, 179.999619, -0.006704, -0.004297]
5,1723108523.4674008,[28.955681, -490.318146, 336.408905, 179.999619, -0.006704, -0.004297]
5,1723108523.6676989,[28.955681, -490.318146, 335.658905, 179.999619, -0.006704, -0.004297]
5,1723108523.8680477,[28.955681, -490.318146, 334.908905, 179.999619, -0.006704, -0.004297]
5,1723108524.0684094,[28.955681, -490.318146, 334.158905, 179.999619, -0.006704, -0.004297]
5,1723108524.2688413,[28.955681, -490.318146, 333.408905, 179.999619, -0.006704, -0.004297]
5,1723108524.469163,[28.955681, -490.318146, 332.658905, 179.999619, -0.006704, -0.004297]
5,1723108524.669426,[28.955681, -490.318146, 331.908905, 179.999619, -0.006704, -0.004297]
5,1723108524.8696263,[28.955681, -490.318146, 331.158905, 179.999619, -0.006704, -0.004297]
5,1723108525.0698552,[28.955681, -490.318146, 330.408905, 179.999619, -0.006704, -0.004297]
5,1723108525.2702718,[28.955681, -490.318146, 329.658905, 179.999619, -0.006704, -0.004297]
5,1723108525.4706075,[28.955681, -490.318146, 328.908905, 179.999619, -0.006704, -0.004297]
5,1723108525.6710215,[28.955681, -490.318146, 328.158905, 179.999619, -0.006704, -0.004297]
5,1723108525.8714614,[28.955681, -490.318146, 327.408905, 179.999619, -0.006704, -0.004297]
5,1723108526.0718088,[28.955681, -490.318146, 326.658905, 179.999619, -0.006704, -0.004297]
5,1723108526.2720726,[28.955681, -490.318146, 325.908905, 179.999619, -0.006704, -0.004297]
5,1723108526.472568,[28.955681, -490.318146, 325.158905, 179.999619, -0.006704, -0.004297]
5,1723108526.6728785,[28.955681, -490.318146, 324.408905, 179.999619, -0.006704, -0.004297]
5,1723108526.8731716,[28.955681, -490.318146, 323.658905, 179.999619, -0.006704, -0.004297]
5,1723108527.0734022,[28.955681, -490.318146, 322.908905, 179.999619, -0.006704, -0.004297]
5,1723108527.273665,[28.955681, -490.318146, 322.158905, 179.999619, -0.006704, -0.004297]
5,1723108527.4740493,[28.955681, -490.318146, 321.408905, 179.999619, -0.006704, -0.004297]
5,1723108527.6742861,[28.955681, -490.318146, 320.658905, 179.999619, -0.006704, -0.004297]
5,1723108527.8745315,[28.955681, -490.318146, 319.908905, 179.999619, -0.006704, -0.004297]
5,1723108528.07486,[28.955681, -490.318146, 319.158905, 179.999619, -0.006704, -0.004297]
5,1723108528.2753935,[28.955681, -490.318146, 318.408905, 179.999619, -0.006704, -0.004297]
5,1723108528.475782,[28.955681, -490.318146, 317.658905, 179.999619, -0.006704, -0.004297]
5,1723108528.6761768,[28.955681, -490.318146, 316.908905, 179.999619, -0.006704, -0.004297]
5,1723108528.87653,[28.955681, -490.318146, 316.158905, 179.999619, -0.006704, -0.004297]
5,1723108529.07688,[28.955681, -490.318146, 315.408905, 179.999619, -0.006704, -0.004297]
5,1723108529.2771869,[28.955681, -490.318146, 314.658905, 179.999619, -0.006704, -0.004297]
5,1723108529.47742,[28.955681, -490.318146, 313.908905, 179.999619, -0.006704, -0.004297]
5,1723108529.6775994,[28.955681, -490.318146, 313.158905, 179.999619, -0.006704, -0.004297]
5,1723108529.8779054,[28.955681, -490.318146, 312.408905, 179.999619, -0.006704, -0.004297]
5,1723108530.0781996,[28.955681, -490.318146, 311.658905, 179.999619, -0.006704, -0.004297]
5,1723108530.2782686,[28.955681, -490.318146, 310.908905, 179.999619, -0.006704, -0.004297]
5,1723108530.4784625,[28.955681, -490.318146, 310.158905, 179.999619, -0.006704, -0.004297]
5,1723108530.6786597,[28.955681, -490.318146, 309.408905, 179.999619, -0.006704, -0.004297]
5,1723108530.8788972,[28.955681, -490.318146, 308.658905, 179.999619, -0.006704, -0.004297]
5,1723108531.0790932,[28.955681, -490.318146, 307.908905, 179.999619, -0.006704, -0.004297]
5,1723108531.2793336,[28.955681, -490.318146, 307.158905, 179.999619, -0.006704, -0.004297]
5,1723108531.4795344,[28.955681, -490.318146, 306.408905, 179.999619, -0.006704, -0.004297]
5,1723108531.6797705,[28.955681, -490.318146, 305.658905, 179.999619, -0.006704, -0.004297]
5,1723108531.8800368,[28.955681, -490.318146, 304.908905, 179.999619, -0.006704, -0.004297]
5,1723108532.0804238,[28.955681, -490.318146, 304.158905, 179.999619, -0.006704, -0.004297]
5,1723108532.2808318,[28.955681, -490.318146, 303.408905, 179.999619, -0.006704, -0.004297]
0,1723108532.4844813,[28.955681, -490.318146, 302.658905, 179.999619, -0.006704, -0.004297]
3,1723108532.6847558,[28.955681, -490.318146, 302.658905, 179.999619, -0.006704, -0.004297]
3,1723108532.8850443,[28.955681, -489.568237, 302.658844, 179.999619, -0.006704, -0.004297]
3,1723108533.0853415,[28.955681, -488.818237, 302.658844, 179.999619, -0.006704, -0.004297]
0,1723108533.2855756,[28.955681, -488.068237, 302.658844, 179.999619, -0.006704, -0.004297]
1,1723108533.4858494,[28.955681, -488.068237, 302.658844, 179.999619, -0.006704, -0.004297]
1,1723108533.686068,[29.705606, -488.068146, 302.658844, 179.999619, -0.006704, -0.004297]
5,1723108533.886342,[30.455606, -488.068146, 302.658844, 179.999619, -0.006704, -0.004297]
5,1723108534.0868719,[30.455681, -488.068146, 301.908905, 179.999619, -0.006704, -0.004297]
5,1723108534.2874615,[30.455681, -488.068146, 301.158905, 179.999619, -0.006704, -0.004297]
5,1723108534.487766,[30.455681, -488.068146, 300.408905, 179.999619, -0.006704, -0.004297]
5,1723108534.6881666,[30.455681, -488.068146, 299.658905, 179.999619, -0.006704, -0.004297]
5,1723108534.8885198,[30.455681, -488.068146, 298.908905, 179.999619, -0.006704, -0.004297]
5,1723108535.0888486,[30.455681, -488.068146, 298.158905, 179.999619, -0.006704, -0.004297]
5,1723108535.2892177,[30.455681, -488.068146, 297.408905, 179.999619, -0.006704, -0.004297]
5,1723108535.4895604,[30.455681, -488.068146, 296.658905, 179.999619, -0.006704, -0.004297]
5,1723108535.689895,[30.455681, -488.068146, 295.908905, 179.999619, -0.006704, -0.004297]
5,1723108535.890148,[30.455681, -488.068146, 295.158905, 179.999619, -0.006704, -0.004297]
5,1723108536.0903904,[30.455681, -488.068146, 294.408905, 179.999619, -0.006704, -0.004297]
5,1723108536.2907095,[30.455681, -488.068146, 293.658905, 179.999619, -0.006704, -0.004297]
5,1723108536.4910195,[30.455681, -488.068146, 292.908905, 179.999619, -0.006704, -0.004297]
5,1723108536.6912699,[30.455681, -488.068146, 292.158905, 179.999619, -0.006704, -0.004297]
5,1723108536.8947709,[30.455681, -488.068146, 291.408905, 179.999619, -0.006704, -0.004297]
5,1723108537.0950165,[30.455681, -488.068146, 290.658905, 179.999619, -0.006704, -0.004297]
5,1723108537.2954438,[30.455681, -488.068146, 289.908905, 179.999619, -0.006704, -0.004297]
5,1723108537.4957623,[30.455681, -488.068146, 289.158905, 179.999619, -0.006704, -0.004297]
5,1723108537.69608,[30.455681, -488.068146, 288.408905, 179.999619, -0.006704, -0.004297]
5,1723108537.8964765,[30.455681, -488.068146, 287.658905, 179.999619, -0.006704, -0.004297]
5,1723108538.0968015,[30.455681, -488.068146, 286.908905, 179.999619, -0.006704, -0.004297]
5,1723108538.2971191,[30.455681, -488.068146, 286.158905, 179.999619, -0.006704, -0.004297]
5,1723108538.4973724,[30.455681, -488.068146, 285.408905, 179.999619, -0.006704, -0.004297]
5,1723108538.697511,[30.455681, -488.068146, 284.658905, 179.999619, -0.006704, -0.004297]
5,1723108538.8977377,[30.455681, -488.068146, 283.908905, 179.999619, -0.006704, -0.004297]
5,1723108539.0978909,[30.455681, -488.068146, 283.158905, 179.999619, -0.006704, -0.004297]
5,1723108539.2981112,[30.455681, -488.068146, 282.408905, 179.999619, -0.006704, -0.004297]
5,1723108539.4983318,[30.455681, -488.068146, 281.658905, 179.999619, -0.006704, -0.004297]
5,1723108539.698561,[30.455681, -488.068146, 280.908905, 179.999619, -0.006704, -0.004297]
5,1723108539.8988423,[30.455681, -488.068146, 280.158905, 179.999619, -0.006704, -0.004297]
5,1723108540.0991268,[30.455681, -488.068146, 279.408905, 179.999619, -0.006704, -0.004297]
5,1723108540.299483,[30.455681, -488.068146, 278.658905, 179.999619, -0.006704, -0.004297]
5,1723108540.499654,[30.455681, -488.068146, 277.908905, 179.999619, -0.006704, -0.004297]
5,1723108540.6998615,[30.455681, -488.068146, 277.158905, 179.999619, -0.006704, -0.004297]
5,1723108540.9001617,[30.455681, -488.068146, 276.408905, 179.999619, -0.006704, -0.004297]
5,1723108541.1003473,[30.455681, -488.068146, 275.658905, 179.999619, -0.006704, -0.004297]
5,1723108541.3006668,[30.455681, -488.068146, 274.908905, 179.999619, -0.006704, -0.004297]
5,1723108541.5007603,[30.455681, -488.068146, 274.158905, 179.999619, -0.006704, -0.004297]
5,1723108541.7010677,[30.455681, -488.068146, 273.408905, 179.999619, -0.006704, -0.004297]
5,1723108541.9014177,[30.455681, -488.068146, 272.658905, 179.999619, -0.006704, -0.004297]
5,1723108542.101678,[30.455681, -488.068146, 271.908905, 179.999619, -0.006704, -0.004297]
5,1723108542.3019176,[30.455681, -488.068146, 271.158905, 179.999619, -0.006704, -0.004297]
5,1723108542.5022893,[30.455681, -488.068146, 270.408905, 179.999619, -0.006704, -0.004297]
5,1723108542.7025733,[30.455681, -488.068146, 269.658905, 179.999619, -0.006704, -0.004297]
5,1723108542.9028506,[30.455681, -488.068146, 268.908905, 179.999619, -0.006704, -0.004297]
5,1723108543.1029406,[30.455681, -488.068146, 268.158905, 179.999619, -0.006704, -0.004297]
5,1723108543.3031442,[30.455681, -488.068146, 267.408905, 179.999619, -0.006704, -0.004297]
5,1723108543.5036466,[30.455681, -488.068146, 266.658905, 179.999619, -0.006704, -0.004297]
5,1723108543.7039897,[30.455681, -488.068146, 265.908905, 179.999619, -0.006704, -0.004297]
5,1723108543.90444,[30.455681, -488.068146, 265.158905, 179.999619, -0.006704, -0.004297]
5,1723108544.1048748,[30.455681, -488.068146, 264.408905, 179.999619, -0.006704, -0.004297]
5,1723108544.305177,[30.455681, -488.068146, 263.658905, 179.999619, -0.006704, -0.004297]
5,1723108544.5054085,[30.455681, -488.068146, 262.908905, 179.999619, -0.006704, -0.004297]
5,1723108544.7057033,[30.455681, -488.068146, 262.158905, 179.999619, -0.006704, -0.004297]
5,1723108544.9059565,[30.455681, -488.068146, 261.408905, 179.999619, -0.006704, -0.004297]
5,1723108545.1062837,[30.455681, -488.068146, 260.658905, 179.999619, -0.006704, -0.004297]
5,1723108545.3065293,[30.455681, -488.068146, 259.908905, 179.999619, -0.006704, -0.004297]
5,1723108545.5068924,[30.455681, -488.068146, 259.158905, 179.999619, -0.006704, -0.004297]
5,1723108545.707254,[30.455681, -488.068146, 258.408905, 179.999619, -0.006704, -0.004297]
5,1723108545.9076765,[30.455681, -488.068146, 257.658905, 179.999619, -0.006704, -0.004297]
5,1723108546.1080842,[30.455681, -488.068146, 256.908905, 179.999619, -0.006704, -0.004297]
5,1723108546.3085992,[30.455681, -488.068146, 256.158905, 179.999619, -0.006704, -0.004297]
0,1723108546.5090241,[30.455681, -488.068146, 255.40892, 179.999619, -0.006704, -0.004297]
3,1723108546.7093644,[30.455681, -488.068146, 255.40892, 179.999619, -0.006704, -0.004297]
3,1723108546.9096935,[30.455681, -487.318237, 255.408844, 179.999619, -0.006704, -0.004297]
3,1723108547.1101089,[30.455681, -486.568237, 255.408844, 179.999619, -0.006704, -0.004297]
3,1723108547.3104148,[30.455681, -485.818237, 255.408844, 179.999619, -0.006704, -0.004297]
3,1723108547.5108118,[30.455681, -485.068237, 255.408844, 179.999619, -0.006704, -0.004297]
0,1723108547.7111492,[30.455681, -484.318237, 255.408844, 179.999619, -0.006704, -0.004297]
0,1723108547.9115195,[30.455681, -484.318237, 255.408844, 179.999619, -0.006704, -0.004297]
0,1723108548.1118672,[30.455681, -484.318237, 255.408844, 179.999619, -0.006704, -0.004297]
5,1723108548.3123057,[30.455681, -484.318237, 255.408844, 179.999619, -0.006704, -0.004297]
5,1723108548.5126572,[30.455681, -484.318146, 254.65892, 179.999619, -0.006704, -0.004297]
5,1723108548.7128656,[30.455681, -484.318146, 253.90892, 179.999619, -0.006704, -0.004297]
5,1723108548.9131308,[30.455681, -484.318146, 253.15892, 179.999619, -0.006704, -0.004297]
5,1723108549.113434,[30.455681, -484.318146, 252.40892, 179.999619, -0.006704, -0.004297]
5,1723108549.3136387,[30.455681, -484.318146, 251.65892, 179.999619, -0.006704, -0.004297]
5,1723108549.5138645,[30.455681, -484.318146, 250.90892, 179.999619, -0.006704, -0.004297]
5,1723108549.7141623,[30.455681, -484.318146, 250.15892, 179.999619, -0.006704, -0.004297]
5,1723108549.9143403,[30.455681, -484.318146, 249.40892, 179.999619, -0.006704, -0.004297]
5,1723108550.114577,[30.455681, -484.318146, 248.65892, 179.999619, -0.006704, -0.004297]
5,1723108550.3147972,[30.455681, -484.318146, 247.90892, 179.999619, -0.006704, -0.004297]
5,1723108550.5151186,[30.455681, -484.318146, 247.15892, 179.999619, -0.006704, -0.004297]
5,1723108550.7153869,[30.455681, -484.318146, 246.40892, 179.999619, -0.006704, -0.004297]
5,1723108550.915589,[30.455681, -484.318146, 245.65892, 179.999619, -0.006704, -0.004297]
0,1723108551.1158864,[30.455681, -484.318146, 244.90892, 179.999619, -0.006704, -0.004297]
0,1723108551.3161016,[30.455681, -484.318146, 244.90892, 179.999619, -0.006704, -0.004297]
6,1723108551.5163555,[30.455681, -484.318146, 244.90892, 179.999619, -0.006704, -0.004297]
6,1723108551.7166471,[30.455681, -484.318146, 244.908844, 179.999619, -0.006704, 0.295704]
6,1723108551.9168875,[30.455681, -484.318146, 244.908844, 179.999619, -0.006704, 0.595704]
6,1723108552.1171427,[30.455681, -484.318146, 244.908844, 179.999619, -0.006704, 0.895705]
6,1723108552.3173287,[30.455681, -484.318146, 244.908844, 179.999619, -0.006704, 1.195706]
6,1723108552.5179448,[30.455681, -484.318146, 244.908844, 179.999619, -0.006704, 1.495706]
6,1723108552.7186182,[30.455681, -484.318146, 244.908844, 179.999619, -0.006704, 1.795707]
6,1723108552.9187994,[30.455681, -484.318146, 244.908844, 179.999619, -0.006704, 2.095708]
6,1723108553.1190953,[30.455681, -484.318146, 244.908844, 179.999619, -0.006704, 2.395708]
6,1723108553.3194463,[30.455681, -484.318146, 244.908844, 179.999619, -0.006704, 2.695709]
6,1723108553.51978,[30.455681, -484.318146, 244.908844, 179.999619, -0.006704, 2.99571]
6,1723108553.7200449,[30.455681, -484.318146, 244.908844, 179.999619, -0.006704, 3.295711]
6,1723108553.92029,[30.455681, -484.318146, 244.908844, 179.999619, -0.006704, 3.595711]
6,1723108554.1206715,[30.455681, -484.318146, 244.908844, 179.999619, -0.006704, 3.895712]
6,1723108554.3210487,[30.455681, -484.318146, 244.908844, 179.999619, -0.006704, 4.195713]
6,1723108554.521335,[30.455681, -484.318146, 244.908844, 179.999619, -0.006704, 4.495713]
6,1723108554.7216694,[30.455681, -484.318146, 244.908844, 179.999619, -0.006704, 4.795714]
6,1723108554.921935,[30.455681, -484.318146, 244.908844, 179.999619, -0.006704, 5.095715]
6,1723108555.1221259,[30.455681, -484.318146, 244.908844, 179.999619, -0.006704, 5.395715]
6,1723108555.3223472,[30.455681, -484.318146, 244.908844, 179.999619, -0.006704, 5.695716]
6,1723108555.5258653,[30.455681, -484.318146, 244.908844, 179.999619, -0.006704, 5.995717]
6,1723108555.7261722,[30.455681, -484.318146, 244.908844, 179.999619, -0.006704, 6.295718]
6,1723108555.9262874,[30.455681, -484.318146, 244.908844, 179.999619, -0.006704, 6.595718]
6,1723108556.126567,[30.455681, -484.318146, 244.908844, 179.999619, -0.006704, 6.895719]
6,1723108556.3267753,[30.455681, -484.318146, 244.908844, 179.999619, -0.006704, 7.19572]
6,1723108556.526991,[30.455681, -484.318146, 244.908844, 179.999619, -0.006704, 7.49572]
6,1723108556.72725,[30.455681, -484.318146, 244.908844, 179.999619, -0.006704, 7.795721]
6,1723108556.9275117,[30.455681, -484.318146, 244.908844, 179.999619, -0.006704, 8.095722]
6,1723108557.1277673,[30.455681, -484.318146, 244.908844, 179.999619, -0.006704, 8.395665]
6,1723108557.328099,[30.455681, -484.318146, 244.908844, 179.999619, -0.006704, 8.695666]
6,1723108557.528394,[30.455681, -484.318146, 244.908844, 179.999619, -0.006704, 8.995667]
6,1723108557.728743,[30.455681, -484.318146, 244.908844, 179.999619, -0.006704, 9.295667]
6,1723108557.9291763,[30.455681, -484.318146, 244.908844, 179.999619, -0.006704, 9.595668]
6,1723108558.1294851,[30.455681, -484.318146, 244.908844, 179.999619, -0.006704, 9.895669]
6,1723108558.329948,[30.455681, -484.318146, 244.908844, 179.999619, -0.006704, 10.195669]
6,1723108558.5302582,[30.455681, -484.318146, 244.908844, 179.999619, -0.006704, 10.49567]
6,1723108558.7303762,[30.455681, -484.318146, 244.908844, 179.999619, -0.006704, 10.795671]
6,1723108558.930714,[30.455681, -484.318146, 244.908844, 179.999619, -0.006704, 11.095671]
6,1723108559.1311233,[30.455681, -484.318146, 244.908844, 179.999619, -0.006704, 11.395672]
6,1723108559.331428,[30.455681, -484.318146, 244.908844, 179.999619, -0.006704, 11.695673]
6,1723108559.5318224,[30.455681, -484.318146, 244.908844, 179.999619, -0.006704, 11.995674]
6,1723108559.7320259,[30.455681, -484.318146, 244.908844, 179.999619, -0.006704, 12.295674]
6,1723108559.9323032,[30.455681, -484.318146, 244.908844, 179.999619, -0.006704, 12.595675]
6,1723108560.1326149,[30.455681, -484.318146, 244.908844, 179.999619, -0.006704, 12.895676]
6,1723108560.336593,[30.455681, -484.318146, 244.908844, 179.999619, -0.006704, 13.195676]
6,1723108560.5368671,[30.455681, -484.318146, 244.908844, 179.999619, -0.006704, 13.495677]
6,1723108560.7371218,[30.455681, -484.318146, 244.908844, 179.999619, -0.006704, 13.795678]
6,1723108560.9373107,[30.455681, -484.318146, 244.908844, 179.999619, -0.006704, 14.095678]
6,1723108561.1375856,[30.455681, -484.318146, 244.908844, 179.999619, -0.006704, 14.395679]
6,1723108561.3378422,[30.455681, -484.318146, 244.908844, 179.999619, -0.006704, 14.69568]
6,1723108561.5381732,[30.455681, -484.318146, 244.908844, 179.999619, -0.006704, 14.995681]
6,1723108561.7383442,[30.455681, -484.318146, 244.908844, 179.999619, -0.006704, 15.295681]
6,1723108561.938656,[30.455681, -484.318146, 244.908844, 179.999619, -0.006704, 15.595682]
6,1723108562.1390119,[30.455681, -484.318146, 244.908844, 179.999619, -0.006704, 15.895683]
6,1723108562.3392847,[30.455681, -484.318146, 244.908844, 179.999619, -0.006704, 16.195683]
6,1723108562.5395575,[30.455681, -484.318146, 244.908844, 179.999619, -0.006704, 16.495684]
6,1723108562.7398958,[30.455681, -484.318146, 244.908844, 179.999619, -0.006704, 16.795685]
6,1723108562.9400978,[30.455681, -484.318146, 244.908844, 179.999619, -0.006704, 17.095686]
6,1723108563.140425,[30.455681, -484.318146, 244.908844, 179.999619, -0.006704, 17.395686]
6,1723108563.3406978,[30.455681, -484.318146, 244.908844, 179.999619, -0.006704, 17.695687]
6,1723108563.5410006,[30.455681, -484.318146, 244.908844, 179.999619, -0.006704, 17.995688]
6,1723108563.7412617,[30.455681, -484.318146, 244.908844, 179.999619, -0.006704, 18.295688]
6,1723108563.941587,[30.455681, -484.318146, 244.908844, 179.999619, -0.006704, 18.595689]
6,1723108564.1419134,[30.455681, -484.318146, 244.908844, 179.999619, -0.006704, 18.89569]
6,1723108564.3421593,[30.455681, -484.318146, 244.908844, 179.999619, -0.006704, 19.19569]
6,1723108564.5423214,[30.455681, -484.318146, 244.908844, 179.999619, -0.006704, 19.495691]
6,1723108564.7426157,[30.455681, -484.318146, 244.908844, 179.999619, -0.006704, 19.795692]
6,1723108564.9429371,[30.455681, -484.318146, 244.908844, 179.999619, -0.006704, 20.095693]
6,1723108565.1431665,[30.455681, -484.318146, 244.908844, 179.999619, -0.006704, 20.395693]
6,1723108565.3433876,[30.455681, -484.318146, 244.908844, 179.999619, -0.006704, 20.695694]
6,1723108565.5437944,[30.455681, -484.318146, 244.908844, 179.999619, -0.006704, 20.995695]
6,1723108565.7440536,[30.455681, -484.318146, 244.908844, 179.999619, -0.006704, 21.295695]
6,1723108565.9443128,[30.455681, -484.318146, 244.908844, 179.999619, -0.006704, 21.595696]
6,1723108566.1446593,[30.455681, -484.318146, 244.908844, 179.999619, -0.006704, 21.895697]
6,1723108566.3449645,[30.455681, -484.318146, 244.908844, 179.999619, -0.006704, 22.195697]
6,1723108566.5452185,[30.455681, -484.318146, 244.908844, 179.999619, -0.006704, 22.495698]
6,1723108566.745508,[30.455681, -484.318146, 244.908844, 179.999619, -0.006704, 22.795699]
6,1723108566.9458961,[30.455681, -484.318146, 244.908844, 179.999619, -0.006704, 23.0957]
6,1723108567.146347,[30.455681, -484.318146, 244.908844, 179.999619, -0.006704, 23.3957]
6,1723108567.346692,[30.455681, -484.318146, 244.908844, 179.999619, -0.006704, 23.695701]
6,1723108567.547046,[30.455681, -484.318146, 244.908844, 179.999619, -0.006704, 23.995702]
6,1723108567.7473674,[30.455681, -484.318146, 244.908844, 179.999619, -0.006704, 24.295702]
6,1723108567.9477112,[30.455681, -484.318146, 244.908844, 179.999619, -0.006704, 24.595703]
6,1723108568.1480904,[30.455681, -484.318146, 244.908844, 179.999619, -0.006704, 24.895704]
6,1723108568.348347,[30.455681, -484.318146, 244.908844, 179.999619, -0.006704, 25.195704]
6,1723108568.5486739,[30.455681, -484.318146, 244.908844, 179.999619, -0.006704, 25.495705]
6,1723108568.74887,[30.455681, -484.318146, 244.908844, 179.999619, -0.006704, 25.795706]
6,1723108568.949126,[30.455681, -484.318146, 244.908844, 179.999619, -0.006704, 26.095707]
6,1723108569.1494823,[30.455681, -484.318146, 244.908844, 179.999619, -0.006704, 26.395707]
6,1723108569.349864,[30.455681, -484.318146, 244.908844, 179.999619, -0.006704, 26.695708]
6,1723108569.5500972,[30.455681, -484.318146, 244.908844, 179.999619, -0.006704, 26.995709]
6,1723108569.7503295,[30.455681, -484.318146, 244.908844, 179.999619, -0.006704, 27.295709]
6,1723108569.9505618,[30.455681, -484.318146, 244.908844, 179.999619, -0.006704, 27.59571]
6,1723108570.1508248,[30.455681, -484.318146, 244.908844, 179.999619, -0.006704, 27.895711]
6,1723108570.3511348,[30.455681, -484.318146, 244.908844, 179.999619, -0.006704, 28.195711]
6,1723108570.5512989,[30.455681, -484.318146, 244.908844, 179.999619, -0.006704, 28.495712]
6,1723108570.7516007,[30.455681, -484.318146, 244.908844, 179.999619, -0.006704, 28.795713]
6,1723108570.952011,[30.455681, -484.318146, 244.908844, 179.999619, -0.006704, 29.095714]
6,1723108571.1523764,[30.455681, -484.318146, 244.908844, 179.999619, -0.006704, 29.395714]
6,1723108571.3526623,[30.455681, -484.318146, 244.908844, 179.999619, -0.006704, 29.695715]
6,1723108571.55295,[30.455681, -484.318146, 244.908844, 179.999619, -0.006704, 29.995716]
6,1723108571.753287,[30.455681, -484.318146, 244.908844, 179.999619, -0.006704, 30.295716]
6,1723108571.9535334,[30.455681, -484.318146, 244.908844, 179.999619, -0.006704, 30.595717]
6,1723108572.1537316,[30.455681, -484.318146, 244.908844, 179.999619, -0.006704, 30.895718]
6,1723108572.354084,[30.455681, -484.318146, 244.908844, 179.999619, -0.006704, 31.195718]
6,1723108572.5544097,[30.455681, -484.318146, 244.908844, 179.999619, -0.006704, 31.495719]
6,1723108572.7544982,[30.455681, -484.318146, 244.908844, 179.999619, -0.006704, 31.79572]
6,1723108572.9547918,[30.455681, -484.318146, 244.908844, 179.999619, -0.006704, 32.095721]
6,1723108573.155031,[30.455681, -484.318146, 244.908844, 179.999619, -0.006704, 32.395721]
6,1723108573.355269,[30.455681, -484.318146, 244.908844, 179.999619, -0.006704, 32.695665]
6,1723108573.5555966,[30.455681, -484.318146, 244.908844, 179.999619, -0.006704, 32.995723]
6,1723108573.7559772,[30.455681, -484.318146, 244.908844, 179.999619, -0.006704, 33.295666]
6,1723108573.9562292,[30.455681, -484.318146, 244.908844, 179.999619, -0.006704, 33.595667]
6,1723108574.156679,[30.455681, -484.318146, 244.908844, 179.999619, -0.006704, 33.895667]
6,1723108574.357035,[30.455681, -484.318146, 244.908844, 179.999619, -0.006704, 34.195668]
6,1723108574.5573015,[30.455681, -484.318146, 244.908844, 179.999619, -0.006704, 34.495669]
6,1723108574.7575269,[30.455681, -484.318146, 244.908844, 179.999619, -0.006704, 34.79567]
6,1723108574.957781,[30.455681, -484.318146, 244.908844, 179.999619, -0.006704, 35.09567]
6,1723108575.158013,[30.455681, -484.318146, 244.908844, 179.999619, -0.006704, 35.395671]
6,1723108575.3581986,[30.455681, -484.318146, 244.908844, 179.999619, -0.006704, 35.695672]
6,1723108575.5582993,[30.455681, -484.318146, 244.908844, 179.999619, -0.006704, 35.995672]
6,1723108575.758641,[30.455681, -484.318146, 244.908844, 179.999619, -0.006704, 36.295673]
6,1723108575.9589787,[30.455681, -484.318146, 244.908844, 179.999619, -0.006704, 36.595674]
6,1723108576.1592953,[30.455681, -484.318146, 244.908844, 179.999619, -0.006704, 36.895675]
6,1723108576.3597043,[30.455681, -484.318146, 244.908844, 179.999619, -0.006704, 37.195675]
6,1723108576.5600955,[30.455681, -484.318146, 244.908844, 179.999619, -0.006704, 37.495676]
6,1723108576.76048,[30.455681, -484.318146, 244.908844, 179.999619, -0.006704, 37.795677]
6,1723108576.9609444,[30.455681, -484.318146, 244.908844, 179.999619, -0.006704, 38.095677]
6,1723108577.161283,[30.455681, -484.318146, 244.908844, 179.999619, -0.006704, 38.395678]
6,1723108577.3615167,[30.455681, -484.318146, 244.908844, 179.999619, -0.006704, 38.695679]
6,1723108577.5616627,[30.455681, -484.318146, 244.908844, 179.999619, -0.006704, 38.995679]
6,1723108577.7619846,[30.455681, -484.318146, 244.908844, 179.999619, -0.006704, 39.29568]
6,1723108577.9625444,[30.455681, -484.318146, 244.908844, 179.999619, -0.006704, 39.595681]
6,1723108578.1629763,[30.455681, -484.318146, 244.908844, 179.999619, -0.006704, 39.895682]
6,1723108578.3631642,[30.455681, -484.318146, 244.908844, 179.999619, -0.006704, 40.195682]
6,1723108578.5636923,[30.455681, -484.318146, 244.908844, 179.999619, -0.006704, 40.495683]
6,1723108578.7675204,[30.455681, -484.318146, 244.908844, 179.999619, -0.006704, 40.795684]
6,1723108578.967845,[30.455681, -484.318146, 244.908844, 179.999619, -0.006704, 41.095684]
6,1723108579.1680875,[30.455681, -484.318146, 244.908844, 179.999619, -0.006704, 41.395685]
6,1723108579.3684309,[30.455681, -484.318146, 244.908844, 179.999619, -0.006704, 41.695686]
6,1723108579.56864,[30.455681, -484.318146, 244.908844, 179.999619, -0.006704, 41.995686]
6,1723108579.7688591,[30.455681, -484.318146, 244.908844, 179.999619, -0.006704, 42.295687]
6,1723108579.9691308,[30.455681, -484.318146, 244.908844, 179.999619, -0.006704, 42.595688]
6,1723108580.169675,[30.455681, -484.318146, 244.908844, 179.999619, -0.006704, 42.895689]
6,1723108580.369964,[30.455681, -484.318146, 244.908844, 179.999619, -0.006704, 43.195689]
6,1723108580.570291,[30.455681, -484.318146, 244.908844, 179.999619, -0.006704, 43.49569]
6,1723108580.7705195,[30.455681, -484.318146, 244.908844, 179.999619, -0.006704, 43.795691]
6,1723108580.9707758,[30.455681, -484.318146, 244.908844, 179.999619, -0.006704, 44.095691]
0,1723108581.1710715,[30.455681, -484.318146, 244.908844, 179.999619, -0.006704, 44.395692]
5,1723108581.3714378,[30.455681, -484.318146, 244.908844, 179.999619, -0.006704, 44.395692]
5,1723108581.5717633,[30.455681, -484.318146, 244.15892, 179.999619, -0.006704, 44.395692]
5,1723108581.7720127,[30.455681, -484.318146, 243.40892, 179.999619, -0.006704, 44.395692]
5,1723108581.9723911,[30.455681, -484.318146, 242.65892, 179.999619, -0.006704, 44.395692]
5,1723108582.1727602,[30.455681, -484.318146, 241.90892, 179.999619, -0.006704, 44.395692]
5,1723108582.3731115,[30.455681, -484.318146, 241.15892, 179.999619, -0.006704, 44.395692]
5,1723108582.5734856,[30.455681, -484.318146, 240.40892, 179.999619, -0.006704, 44.395692]
5,1723108582.7737505,[30.455681, -484.318146, 239.65892, 179.999619, -0.006704, 44.395692]
5,1723108582.9741104,[30.455681, -484.318146, 238.90892, 179.999619, -0.006704, 44.395692]
5,1723108583.1742802,[30.455681, -484.318146, 238.15892, 179.999619, -0.006704, 44.395692]
5,1723108583.374741,[30.455681, -484.318146, 237.40892, 179.999619, -0.006704, 44.395692]
5,1723108583.5783184,[30.455681, -484.318146, 236.65892, 179.999619, -0.006704, 44.395692]
5,1723108583.778561,[30.455681, -484.318146, 235.90892, 179.999619, -0.006704, 44.395692]
5,1723108583.9787614,[30.455681, -484.318146, 235.15892, 179.999619, -0.006704, 44.395692]
5,1723108584.1790164,[30.455681, -484.318146, 234.40892, 179.999619, -0.006704, 44.395692]
5,1723108584.3793027,[30.455681, -484.318146, 233.65892, 179.999619, -0.006704, 44.395692]
5,1723108584.5795758,[30.455681, -484.318146, 232.90892, 179.999619, -0.006704, 44.395692]
5,1723108584.779973,[30.455681, -484.318146, 232.15892, 179.999619, -0.006704, 44.395692]
5,1723108584.980241,[30.455681, -484.318146, 231.40892, 179.999619, -0.006704, 44.395692]
5,1723108585.1805587,[30.455681, -484.318146, 230.65892, 179.999619, -0.006704, 44.395692]
5,1723108585.380898,[30.455681, -484.318146, 229.90892, 179.999619, -0.006704, 44.395692]
5,1723108585.5811322,[30.455681, -484.318146, 229.15892, 179.999619, -0.006704, 44.395692]
5,1723108585.7813427,[30.455681, -484.318146, 228.40892, 179.999619, -0.006704, 44.395692]
5,1723108585.981641,[30.455681, -484.318146, 227.65892, 179.999619, -0.006704, 44.395692]
5,1723108586.1818862,[30.455681, -484.318146, 226.90892, 179.999619, -0.006704, 44.395692]
5,1723108586.3821015,[30.455681, -484.318146, 226.15892, 179.999619, -0.006704, 44.395692]
5,1723108586.5822277,[30.455681, -484.318146, 225.40892, 179.999619, -0.006704, 44.395692]
5,1723108586.7823215,[30.455681, -484.318146, 224.65892, 179.999619, -0.006704, 44.395692]
5,1723108586.982634,[30.455681, -484.318146, 223.90892, 179.999619, -0.006704, 44.395692]
5,1723108587.1829093,[30.455681, -484.318146, 223.15892, 179.999619, -0.006704, 44.395692]
5,1723108587.3832133,[30.455681, -484.318146, 222.40892, 179.999619, -0.006704, 44.395692]
5,1723108587.5834117,[30.455681, -484.318146, 221.65892, 179.999619, -0.006704, 44.395692]
5,1723108587.7837145,[30.455681, -484.318146, 220.90892, 179.999619, -0.006704, 44.395692]
5,1723108587.9840941,[30.455681, -484.318146, 220.15892, 179.999619, -0.006704, 44.395692]
5,1723108588.1844747,[30.455681, -484.318146, 219.40892, 179.999619, -0.006704, 44.395692]
5,1723108588.3848653,[30.455681, -484.318146, 218.65892, 179.999619, -0.006704, 44.395692]
5,1723108588.5852375,[30.455681, -484.318146, 217.90892, 179.999619, -0.006704, 44.395692]
5,1723108588.7854936,[30.455681, -484.318146, 217.15892, 179.999619, -0.006704, 44.395692]
5,1723108588.9857388,[30.455681, -484.318146, 216.40892, 179.999619, -0.006704, 44.395692]
5,1723108589.186087,[30.455681, -484.318146, 215.65892, 179.999619, -0.006704, 44.395692]
5,1723108589.3864045,[30.455681, -484.318146, 214.90892, 179.999619, -0.006704, 44.395692]
5,1723108589.586749,[30.455681, -484.318146, 214.15892, 179.999619, -0.006704, 44.395692]
5,1723108589.7870698,[30.455681, -484.318146, 213.40892, 179.999619, -0.006704, 44.395692]
5,1723108589.9873526,[30.455681, -484.318146, 212.65892, 179.999619, -0.006704, 44.395692]
5,1723108590.1876101,[30.455681, -484.318146, 211.90892, 179.999619, -0.006704, 44.395692]
5,1723108590.387948,[30.455681, -484.318146, 211.15892, 179.999619, -0.006704, 44.395692]
5,1723108590.5883167,[30.455681, -484.318146, 210.40892, 179.999619, -0.006704, 44.395692]
5,1723108590.7886658,[30.455681, -484.318146, 209.65892, 179.999619, -0.006704, 44.395692]
5,1723108590.9889827,[30.455681, -484.318146, 208.90892, 179.999619, -0.006704, 44.395692]
5,1723108591.1891735,[30.455681, -484.318146, 208.15892, 179.999619, -0.006704, 44.395692]
5,1723108591.3894048,[30.455681, -484.318146, 207.40892, 179.999619, -0.006704, 44.395692]
5,1723108591.5896494,[30.455681, -484.318146, 206.65892, 179.999619, -0.006704, 44.395692]
5,1723108591.7898593,[30.455681, -484.318146, 205.90892, 179.999619, -0.006704, 44.395692]
5,1723108591.990141,[30.455681, -484.318146, 205.15892, 179.999619, -0.006704, 44.395692]
5,1723108592.1903574,[30.455681, -484.318146, 204.40892, 179.999619, -0.006704, 44.395692]
5,1723108592.3905492,[30.455681, -484.318146, 203.65892, 179.999619, -0.006704, 44.395692]
5,1723108592.5907607,[30.455681, -484.318146, 202.90892, 179.999619, -0.006704, 44.395692]
5,1723108592.7910035,[30.455681, -484.318146, 202.15892, 179.999619, -0.006704, 44.395692]
5,1723108592.9913383,[30.455681, -484.318146, 201.40892, 179.999619, -0.006704, 44.395692]
5,1723108593.191704,[30.455681, -484.318146, 200.65892, 179.999619, -0.006704, 44.395692]
5,1723108593.3920512,[30.455681, -484.318146, 199.90892, 179.999619, -0.006704, 44.395692]
5,1723108593.5925431,[30.455681, -484.318146, 199.15892, 179.999619, -0.006704, 44.395692]
5,1723108593.7928154,[30.455681, -484.318146, 198.40892, 179.999619, -0.006704, 44.395692]
5,1723108593.9930224,[30.455681, -484.318146, 197.65892, 179.999619, -0.006704, 44.395692]
5,1723108594.1934419,[30.455681, -484.318146, 196.90892, 179.999619, -0.006704, 44.395692]
5,1723108594.3936596,[30.455681, -484.318146, 196.15892, 179.999619, -0.006704, 44.395692]
0,1723108594.5938966,[30.455681, -484.318146, 195.40892, 179.999619, -0.006704, 44.395692]
0,1723108594.7942188,[30.455681, -484.318146, 195.40892, 179.999619, -0.006704, 44.395692]
0,1723108594.994458,[30.455681, -484.318146, 195.40892, 179.999619, -0.006704, 44.395692]
0,1723108595.1948698,[30.455681, -484.318146, 195.40892, 179.999619, -0.006704, 44.395692]
0,1723108595.395293,[30.455681, -484.318146, 195.40892, 179.999619, -0.006704, 44.395692]
0,1723108595.5955362,[30.455681, -484.318146, 195.40892, 179.999619, -0.006704, 44.395692]
0,1723108595.7959588,[30.455681, -484.318146, 195.40892, 179.999619, -0.006704, 44.395692]
0,1723108595.9961915,[30.455681, -484.318146, 195.40892, 179.999619, -0.006704, 44.395692]
0,1723108596.1963809,[30.455681, -484.318146, 195.40892, 179.999619, -0.006704, 44.395692]
