0,1723108485.9916573
1,1723108486.0374432
2,1723108486.0762525
3,1723108486.123619
4,1723108486.178421
5,1723108486.219526
6,1723108486.2554333
7,1723108486.306218
8,1723108486.352232
9,1723108486.3947752
10,1723108486.438929
11,1723108486.4750156
12,1723108486.5155914
13,1723108486.5872343
14,1723108486.624854
15,1723108486.665517
16,1723108486.7057648
17,1723108486.7442386
18,1723108486.7773192
19,1723108486.82876
20,1723108486.868455
21,1723108486.914856
22,1723108486.9555364
23,1723108486.9926994
24,1723108487.0392764
25,1723108487.0878391
26,1723108487.1301188
27,1723108487.173982
28,1723108487.2230902
29,1723108487.2619083
30,1723108487.3219233
31,1723108487.3694434
32,1723108487.4112036
33,1723108487.4463549
34,1723108487.517313
35,1723108487.5770752
36,1723108487.6178844
37,1723108487.6589007
38,1723108487.704224
39,1723108487.7454543
40,1723108487.7921536
41,1723108487.8303618
42,1723108487.8896365
43,1723108487.925283
44,1723108487.962687
45,1723108488.0153103
46,1723108488.057206
47,1723108488.111445
48,1723108488.1478982
49,1723108488.1799293
50,1723108488.2446394
51,1723108488.293566
52,1723108488.3432944
53,1723108488.387187
54,1723108488.4545486
55,1723108488.504044
56,1723108488.5449939
57,1723108488.589369
58,1723108488.6587183
59,1723108488.7015448
60,1723108488.7605562
61,1723108488.8128514
62,1723108488.860793
63,1723108488.9058063
64,1723108488.948596
65,1723108488.9951859
66,1723108489.027553
67,1723108489.0645592
68,1723108489.1066406
69,1723108489.1475866
70,1723108489.1884677
71,1723108489.2317884
72,1723108489.2778971
73,1723108489.3308759
74,1723108489.3625667
75,1723108489.4150672
76,1723108489.4475467
77,1723108489.5001626
78,1723108489.5341916
79,1723108489.5810258
80,1723108489.6130028
81,1723108489.6691697
82,1723108489.7186186
83,1723108489.7648625
84,1723108489.8036382
85,1723108489.8453927
86,1723108489.8962796
87,1723108489.9819167
88,1723108490.029326
89,1723108490.0712094
90,1723108490.1145625
91,1723108490.1772683
92,1723108490.2334707
93,1723108490.2924507
94,1723108490.3731043
95,1723108490.4282885
96,1723108490.4902148
97,1723108490.5542793
98,1723108490.6186714
99,1723108490.6536627
100,1723108490.7083702
101,1723108490.7639585
102,1723108490.8211126
103,1723108490.8732882
104,1723108490.9210594
105,1723108490.9602294
106,1723108491.0002155
107,1723108491.051557
108,1723108491.0976958
109,1723108491.14256
110,1723108491.1856503
111,1723108491.2346618
112,1723108491.2775624
113,1723108491.3199208
114,1723108491.361539
115,1723108491.4095879
116,1723108491.4557173
117,1723108491.5017636
118,1723108491.5564785
119,1723108491.6035435
start
120,1723108491.6244552
121,1723108491.6408045
122,1723108491.6747782
123,1723108491.6912258
124,1723108491.7415128
125,1723108491.7579763
126,1723108491.8080182
127,1723108491.8243096
128,1723108491.8745892
129,1723108491.8906128
130,1723108491.9410155
131,1723108491.95726
132,1723108492.0072167
133,1723108492.0231614
134,1723108492.075011
135,1723108492.091438
136,1723108492.1405044
137,1723108492.1563735
138,1723108492.2075398
139,1723108492.2235901
140,1723108492.2740386
141,1723108492.2897563
142,1723108492.3405974
143,1723108492.3572016
144,1723108492.4073966
145,1723108492.4234192
146,1723108492.4742227
147,1723108492.4904776
148,1723108492.5406406
149,1723108492.5571766
150,1723108492.6071668
151,1723108492.6240418
152,1723108492.6739664
153,1723108492.6901388
154,1723108492.7406912
155,1723108492.7571669
156,1723108492.807302
157,1723108492.8241336
158,1723108492.8734953
159,1723108492.890048
160,1723108492.9397998
161,1723108492.9555771
162,1723108493.0062606
163,1723108493.0225112
164,1723108493.073778
165,1723108493.0901809
166,1723108493.1404436
167,1723108493.1569428
168,1723108493.2069201
169,1723108493.2239373
170,1723108493.273677
171,1723108493.29042
172,1723108493.3409352
173,1723108493.357445
174,1723108493.4058242
175,1723108493.423294
176,1723108493.4730237
177,1723108493.4902933
178,1723108493.538459
179,1723108493.5558999
180,1723108493.6052985
181,1723108493.6229298
182,1723108493.6718867
183,1723108493.6896129
184,1723108493.7386975
185,1723108493.7557025
186,1723108493.8052025
187,1723108493.822694
188,1723108493.8717322
189,1723108493.8895054
190,1723108493.9382067
191,1723108493.9568348
192,1723108494.0081666
193,1723108494.0273259
194,1723108494.0750139
195,1723108494.0941834
196,1723108494.1391828
197,1723108494.156718
198,1723108494.2047548
199,1723108494.2236989
200,1723108494.2723444
201,1723108494.29028
202,1723108494.3389857
203,1723108494.3569672
204,1723108494.4050608
205,1723108494.4242961
206,1723108494.4713078
207,1723108494.4899335
208,1723108494.5373235
209,1723108494.5565827
210,1723108494.604005
211,1723108494.623526
212,1723108494.6710858
213,1723108494.6900613
214,1723108494.7381885
215,1723108494.7566946
216,1723108494.803963
217,1723108494.8237085
218,1723108494.8713138
219,1723108494.8908358
220,1723108494.9378119
221,1723108494.957179
222,1723108495.0038953
223,1723108495.0246973
224,1723108495.070678
225,1723108495.0909972
226,1723108495.1375785
227,1723108495.1570497
228,1723108495.2037215
229,1723108495.2241635
230,1723108495.270422
231,1723108495.2909768
232,1723108495.3371518
233,1723108495.357499
234,1723108495.403675
235,1723108495.4241436
236,1723108495.4701657
237,1723108495.4905758
238,1723108495.5369833
239,1723108495.5575976
240,1723108495.603751
241,1723108495.670727
242,1723108495.7369354
243,1723108495.8036084
244,1723108495.8192835
245,1723108495.8697677
246,1723108495.9364924
247,1723108496.002666
248,1723108496.0696487
249,1723108496.1361315
250,1723108496.2025864
251,1723108496.2697241
252,1723108496.3358142
253,1723108496.402483
254,1723108496.4690697
255,1723108496.5386746
256,1723108496.5574164
257,1723108496.6058478
258,1723108496.6247573
259,1723108496.67223
260,1723108496.7393615
261,1723108496.8055592
262,1723108496.8699322
263,1723108496.93503
264,1723108496.9502492
265,1723108497.0015345
266,1723108497.0166943
267,1723108497.0687542
268,1723108497.0843256
269,1723108497.135097
270,1723108497.150821
271,1723108497.2027802
272,1723108497.2187474
273,1723108497.2684464
274,1723108497.2838688
275,1723108497.3354747
276,1723108497.3507814
277,1723108497.4010763
278,1723108497.4166522
279,1723108497.4685638
280,1723108497.4845133
281,1723108497.5346687
282,1723108497.5499225
283,1723108497.602149
284,1723108497.618316
285,1723108497.668355
286,1723108497.6841254
287,1723108497.7347496
288,1723108497.7502024
289,1723108497.8007817
290,1723108497.816252
291,1723108497.8674312
292,1723108497.8829308
293,1723108497.9343863
294,1723108497.950044
295,1723108498.001038
296,1723108498.0163536
297,1723108498.0678656
298,1723108498.083411
299,1723108498.1344712
300,1723108498.1499941
301,1723108498.200595
302,1723108498.2160025
303,1723108498.2671332
304,1723108498.2831316
305,1723108498.3343053
306,1723108498.3552136
307,1723108498.4002957
308,1723108498.4157078
309,1723108498.4669428
310,1723108498.4826477
311,1723108498.5339956
312,1723108498.5490396
313,1723108498.5999382
314,1723108498.6150553
315,1723108498.666722
316,1723108498.6821833
317,1723108498.7329519
318,1723108498.7484605
319,1723108498.7998145
320,1723108498.8150494
321,1723108498.8666022
322,1723108498.8821971
323,1723108498.932889
324,1723108498.9485142
325,1723108498.9993548
326,1723108499.066362
327,1723108499.081995
328,1723108499.1326625
329,1723108499.1480372
330,1723108499.1993513
331,1723108499.214608
332,1723108499.2659404
333,1723108499.2813182
334,1723108499.3328156
335,1723108499.3486633
336,1723108499.39923
337,1723108499.4146261
338,1723108499.465971
339,1723108499.5322726
340,1723108499.5994253
341,1723108499.6968412
342,1723108499.7122447
343,1723108499.7317305
344,1723108499.7985997
345,1723108499.8652813
346,1723108499.9319448
347,1723108499.9989908
348,1723108500.0653682
349,1723108500.1317787
350,1723108500.198574
351,1723108500.213563
352,1723108500.2649095
353,1723108500.3311923
354,1723108500.3983858
355,1723108500.4653366
356,1723108500.4811115
357,1723108500.5317068
358,1723108500.5971029
359,1723108500.6647267
360,1723108500.7313027
361,1723108500.7973144
362,1723108500.8124082
363,1723108500.8643265
364,1723108500.9310892
365,1723108500.997518
366,1723108501.012855
367,1723108501.064094
368,1723108501.1311378
369,1723108501.1968515
370,1723108501.2636743
371,1723108501.3303604
372,1723108501.3967178
373,1723108501.4637015
374,1723108501.5296953
375,1723108501.5961375
376,1723108501.6628442
377,1723108501.7293174
378,1723108501.7967618
379,1723108501.862629
380,1723108501.928799
381,1723108501.9446561
382,1723108501.996066
383,1723108502.0628607
384,1723108502.1290925
385,1723108502.1443834
386,1723108502.1961007
387,1723108502.211712
388,1723108502.2629154
389,1723108502.278832
390,1723108502.3294866
391,1723108502.345151
392,1723108502.3959851
393,1723108502.4111567
394,1723108502.462556
395,1723108502.4780424
396,1723108502.5287678
397,1723108502.5442379
398,1723108502.5960534
399,1723108502.611425
400,1723108502.6629846
401,1723108502.6790638
402,1723108502.7288465
403,1723108502.7442021
404,1723108502.7958035
405,1723108502.8114045
406,1723108502.8625417
407,1723108502.87909
408,1723108502.9291034
409,1723108502.9478335
410,1723108502.9951224
411,1723108503.010585
412,1723108503.0624237
413,1723108503.0778735
414,1723108503.1287732
415,1723108503.144302
416,1723108503.1953187
417,1723108503.2109377
418,1723108503.2616851
419,1723108503.2771418
420,1723108503.3281565
421,1723108503.344476
422,1723108503.394836
423,1723108503.4101315
424,1723108503.4612093
425,1723108503.4764805
426,1723108503.5278704
427,1723108503.5437016
428,1723108503.5950198
429,1723108503.610413
430,1723108503.6615856
431,1723108503.6768646
432,1723108503.7279491
433,1723108503.7431629
434,1723108503.794149
435,1723108503.8096602
436,1723108503.8610814
437,1723108503.877296
438,1723108503.9279847
439,1723108503.9432082
440,1723108503.9943888
441,1723108504.0098586
442,1723108504.0608091
443,1723108504.0761936
444,1723108504.127534
445,1723108504.14325
446,1723108504.193676
447,1723108504.208742
448,1723108504.2605367
449,1723108504.27589
450,1723108504.327158
451,1723108504.342921
452,1723108504.3930225
453,1723108504.4088507
454,1723108504.4603202
455,1723108504.4756515
456,1723108504.526716
457,1723108504.542003
458,1723108504.5941243
459,1723108504.6099446
460,1723108504.6927652
461,1723108504.7083879
462,1723108504.726492
463,1723108504.7420743
464,1723108504.792762
465,1723108504.8080394
466,1723108504.8597903
467,1723108504.8749561
468,1723108504.926431
469,1723108504.9418705
470,1723108504.9935527
471,1723108505.0088758
472,1723108505.060241
473,1723108505.0757887
474,1723108505.126543
475,1723108505.1422064
476,1723108505.1924663
477,1723108505.208326
478,1723108505.2596018
479,1723108505.2752964
480,1723108505.328301
481,1723108505.347503
482,1723108505.3956015
483,1723108505.415
484,1723108505.4628232
485,1723108505.4816532
486,1723108505.528999
487,1723108505.5481877
488,1723108505.5953941
489,1723108505.6142817
490,1723108505.6628091
491,1723108505.6818056
492,1723108505.729001
493,1723108505.7476065
494,1723108505.7942443
495,1723108505.8096116
496,1723108505.858344
497,1723108505.8736587
498,1723108505.9248857
499,1723108505.9405882
500,1723108505.9918544
501,1723108506.0074897
502,1723108506.0589106
503,1723108506.0741856
504,1723108506.1253278
505,1723108506.14045
506,1723108506.1914492
507,1723108506.2067194
508,1723108506.2583897
509,1723108506.2738664
510,1723108506.3244793
511,1723108506.340128
512,1723108506.3912785
513,1723108506.4069169
514,1723108506.4582496
515,1723108506.4738045
516,1723108506.5248053
517,1723108506.54054
518,1723108506.5912533
519,1723108506.6068387
520,1723108506.657863
521,1723108506.6735356
522,1723108506.7241383
523,1723108506.739635
524,1723108506.790571
525,1723108506.8060112
526,1723108506.857406
527,1723108506.8728595
528,1723108506.9241593
529,1723108506.9396262
530,1723108506.9910648
531,1723108507.0063276
532,1723108507.057306
533,1723108507.073125
534,1723108507.123905
535,1723108507.1394694
536,1723108507.1900818
537,1723108507.205306
538,1723108507.2572782
539,1723108507.272869
540,1723108507.323919
541,1723108507.3394988
542,1723108507.3903582
543,1723108507.4061751
544,1723108507.4572053
545,1723108507.4729562
546,1723108507.523586
547,1723108507.5390835
548,1723108507.590228
549,1723108507.6058288
550,1723108507.656888
551,1723108507.6721423
552,1723108507.7230048
553,1723108507.7386162
554,1723108507.789762
555,1723108507.8053806
556,1723108507.856319
557,1723108507.8724282
558,1723108507.922904
559,1723108507.9422748
560,1723108507.9941146
561,1723108508.0150778
562,1723108508.062746
563,1723108508.084116
564,1723108508.1284924
565,1723108508.14949
566,1723108508.194833
567,1723108508.210735
568,1723108508.2562451
569,1723108508.2716808
570,1723108508.3229656
571,1723108508.3390386
572,1723108508.388939
573,1723108508.4046917
574,1723108508.4559543
575,1723108508.471936
576,1723108508.522362
577,1723108508.5378208
578,1723108508.5889773
579,1723108508.6042788
580,1723108508.6555352
581,1723108508.6714704
582,1723108508.7222717
583,1723108508.737765
584,1723108508.7882075
585,1723108508.8033605
586,1723108508.8554542
587,1723108508.8712232
588,1723108508.9219372
589,1723108508.9374723
590,1723108508.9886737
591,1723108509.0038984
592,1723108509.0551875
593,1723108509.0707622
594,1723108509.1214888
595,1723108509.1366959
596,1723108509.1880455
597,1723108509.2033353
598,1723108509.25781
599,1723108509.2733388
600,1723108509.3211575
601,1723108509.3367867
602,1723108509.3879123
603,1723108509.403591
604,1723108509.4550674
605,1723108509.470875
606,1723108509.5219433
607,1723108509.5369503
608,1723108509.5876834
609,1723108509.6028705
610,1723108509.6579669
611,1723108509.673617
612,1723108509.7211053
613,1723108509.7364879
614,1723108509.7875717
615,1723108509.8027582
616,1723108509.8543806
617,1723108509.8696954
618,1723108509.9210432
619,1723108509.9365842
620,1723108509.9877157
621,1723108510.003492
622,1723108510.0542586
623,1723108510.0702314
624,1723108510.1204782
625,1723108510.1355894
626,1723108510.1869304
627,1723108510.2021554
628,1723108510.2536292
629,1723108510.2693126
630,1723108510.3203597
631,1723108510.3395162
632,1723108510.3921716
633,1723108510.413287
634,1723108510.459569
635,1723108510.4808846
636,1723108510.5260017
637,1723108510.5432708
638,1723108510.5861847
639,1723108510.6015298
640,1723108510.6539204
641,1723108510.6691852
642,1723108510.7196355
643,1723108510.7349074
644,1723108510.7861843
645,1723108510.8015587
646,1723108510.853448
647,1723108510.8687294
648,1723108510.9196184
649,1723108510.9349456
650,1723108510.9865992
651,1723108511.0017598
652,1723108511.0527575
653,1723108511.0683146
654,1723108511.1195393
655,1723108511.135134
656,1723108511.185781
657,1723108511.201431
658,1723108511.2526848
659,1723108511.2688382
660,1723108511.3193681
661,1723108511.3349884
662,1723108511.3863466
663,1723108511.4013765
664,1723108511.4524515
665,1723108511.4684784
666,1723108511.5188954
667,1723108511.5348656
668,1723108511.5854506
669,1723108511.6017213
670,1723108511.652322
671,1723108511.6682243
672,1723108511.7188885
673,1723108511.7352312
674,1723108511.7855492
675,1723108511.802208
676,1723108511.8522425
677,1723108511.8687842
678,1723108511.9186978
679,1723108511.93544
680,1723108511.9849758
681,1723108512.0019479
682,1723108512.05158
683,1723108512.0690176
684,1723108512.1187563
685,1723108512.1356509
686,1723108512.185055
687,1723108512.2020268
688,1723108512.251784
689,1723108512.2689102
690,1723108512.3184283
691,1723108512.3358648
692,1723108512.3845696
693,1723108512.4022996
694,1723108512.4514952
695,1723108512.4688346
696,1723108512.517777
697,1723108512.5359044
698,1723108512.5843344
699,1723108512.6025386
700,1723108512.6508508
701,1723108512.6693733
702,1723108512.7179673
703,1723108512.7363489
704,1723108512.7844427
705,1723108512.802831
706,1723108512.8514867
707,1723108512.8694377
708,1723108512.9173293
709,1723108512.9362743
710,1723108512.9839475
711,1723108513.0022545
712,1723108513.0506856
713,1723108513.0696278
714,1723108513.1170788
715,1723108513.1359704
716,1723108513.1838923
717,1723108513.2028165
718,1723108513.2509515
719,1723108513.269345
720,1723108513.3172004
721,1723108513.3367624
722,1723108513.3837776
723,1723108513.4031286
724,1723108513.450415
725,1723108513.4701123
726,1723108513.5169468
727,1723108513.5363784
728,1723108513.58329
729,1723108513.6035817
730,1723108513.6502542
731,1723108513.670224
732,1723108513.7166605
733,1723108513.7372165
734,1723108513.7835467
735,1723108513.8032637
736,1723108513.8498182
737,1723108513.8703449
738,1723108513.916442
739,1723108513.9366906
740,1723108513.983132
741,1723108514.0028877
742,1723108514.049736
743,1723108514.0701878
744,1723108514.1165123
745,1723108514.1373942
746,1723108514.1834564
747,1723108514.2495756
748,1723108514.316504
749,1723108514.3317237
750,1723108514.382849
751,1723108514.4490516
752,1723108514.5158403
753,1723108514.531543
754,1723108514.5825477
755,1723108514.5983288
756,1723108514.6491559
757,1723108514.66916
758,1723108514.7161283
759,1723108514.7311862
760,1723108514.7825463
761,1723108514.7985501
762,1723108514.8485916
763,1723108514.915656
764,1723108514.982215
765,1723108515.048696
766,1723108515.115614
767,1723108515.1818764
768,1723108515.2484314
769,1723108515.3153715
770,1723108515.3307254
771,1723108515.3815353
772,1723108515.4485486
773,1723108515.514674
774,1723108515.5814369
775,1723108515.6480865
776,1723108515.7150362
777,1723108515.7812586
778,1723108515.7967236
779,1723108515.8475575
780,1723108515.9142148
781,1723108515.9806352
782,1723108515.9960673
783,1723108516.046936
784,1723108516.062087
785,1723108516.1140654
786,1723108516.1807783
787,1723108516.196351
788,1723108516.2476773
789,1723108516.3141966
790,1723108516.3300114
791,1723108516.3807597
792,1723108516.4472127
793,1723108516.5137
794,1723108516.5807579
795,1723108516.6473203
796,1723108516.6632116
797,1723108516.7146533
798,1723108516.7799485
799,1723108516.8468487
800,1723108516.9136617
801,1723108516.9800463
802,1723108517.0465593
803,1723108517.11353
804,1723108517.1806633
805,1723108517.1959453
806,1723108517.2460825
807,1723108517.3128238
808,1723108517.379077
809,1723108517.4460275
810,1723108517.5130389
811,1723108517.5798385
812,1723108517.5955083
813,1723108517.6461148
814,1723108517.7126577
815,1723108517.77906
816,1723108517.845927
817,1723108517.8613565
818,1723108517.9125514
819,1723108517.9277644
820,1723108517.9788888
821,1723108517.9942055
822,1723108518.0451965
823,1723108518.0606124
824,1723108518.1131217
825,1723108518.128766
826,1723108518.17921
827,1723108518.1947217
828,1723108518.2453368
829,1723108518.260849
830,1723108518.3117688
831,1723108518.3273275
832,1723108518.378169
833,1723108518.4450748
834,1723108518.4605453
835,1723108518.515382
836,1723108518.582198
837,1723108518.648709
838,1723108518.7147713
839,1723108518.7778573
840,1723108518.8442798
841,1723108518.9113812
842,1723108518.9776797
843,1723108519.0445411
844,1723108519.1109548
845,1723108519.126651
846,1723108519.1772413
847,1723108519.2473814
848,1723108519.3108523
849,1723108519.3262644
850,1723108519.3769057
851,1723108519.4436717
852,1723108519.5111935
853,1723108519.5772185
854,1723108519.6433666
855,1723108519.7112808
856,1723108519.7764695
857,1723108519.843843
858,1723108519.9096713
859,1723108519.925066
860,1723108519.9760535
861,1723108520.0423572
862,1723108520.0576804
863,1723108520.1090918
864,1723108520.1241949
865,1723108520.1760824
866,1723108520.2423086
867,1723108520.3089256
868,1723108520.3244786
869,1723108520.3757074
870,1723108520.442198
871,1723108520.4577131
872,1723108520.512705
873,1723108520.5282753
874,1723108520.5755508
875,1723108520.6420517
876,1723108520.7088804
877,1723108520.724479
878,1723108520.7756982
879,1723108520.8421512
880,1723108520.9090278
881,1723108520.9244556
882,1723108520.975342
883,1723108520.9909267
884,1723108521.0422206
885,1723108521.0573206
886,1723108521.108716
887,1723108521.124111
888,1723108521.1753373
889,1723108521.1906383
890,1723108521.2419128
891,1723108521.2573647
892,1723108521.309394
893,1723108521.3247526
894,1723108521.3754246
895,1723108521.3904762
896,1723108521.4435017
897,1723108521.4590414
898,1723108521.510491
899,1723108521.5266798
900,1723108521.575341
901,1723108521.5908184
902,1723108521.6416376
903,1723108521.6569448
904,1723108521.7086353
905,1723108521.724703
906,1723108521.7751245
907,1723108521.7909276
908,1723108521.8416119
909,1723108521.85738
910,1723108521.9088166
911,1723108521.9251516
912,1723108521.9753566
913,1723108521.9916174
914,1723108522.041753
915,1723108522.0580792
916,1723108522.1086004
917,1723108522.1249344
918,1723108522.1747525
919,1723108522.1907363
920,1723108522.241357
921,1723108522.257503
922,1723108522.308595
923,1723108522.3250859
924,1723108522.3747263
925,1723108522.3907244
926,1723108522.441226
927,1723108522.4570491
928,1723108522.5075283
929,1723108522.5232055
930,1723108522.5742025
931,1723108522.5902915
932,1723108522.64093
933,1723108522.6563635
934,1723108522.7075887
935,1723108522.7232916
936,1723108522.7744362
937,1723108522.7904975
938,1723108522.8407369
939,1723108522.8568254
940,1723108522.9079359
941,1723108522.923945
942,1723108522.9736938
943,1723108522.9894998
944,1723108523.0401201
945,1723108523.055767
946,1723108523.1078105
947,1723108523.1241257
948,1723108523.173916
949,1723108523.1897705
950,1723108523.240143
951,1723108523.2564864
952,1723108523.307769
953,1723108523.3236117
954,1723108523.3736508
955,1723108523.389233
956,1723108523.4395502
957,1723108523.455248
958,1723108523.5068126
959,1723108523.522642
960,1723108523.5732915
961,1723108523.5895026
962,1723108523.6396236
963,1723108523.6551342
964,1723108523.7060978
965,1723108523.7213347
966,1723108523.7721355
967,1723108523.7872415
968,1723108523.8389006
969,1723108523.854059
970,1723108523.905478
971,1723108523.9206629
972,1723108523.9730408
973,1723108523.9888635
974,1723108524.0385225
975,1723108524.053491
976,1723108524.1055558
977,1723108524.1210246
978,1723108524.1725676
979,1723108524.1881628
980,1723108524.2386627
981,1723108524.2537708
982,1723108524.3053122
983,1723108524.3205156
984,1723108524.3717048
985,1723108524.3870096
986,1723108524.4383638
987,1723108524.4538035
988,1723108524.5052762
989,1723108524.5206702
990,1723108524.5713673
991,1723108524.586831
992,1723108524.6380644
993,1723108524.653487
994,1723108524.7136912
995,1723108524.7292717
996,1723108524.7713437
997,1723108524.78654
998,1723108524.8372235
999,1723108524.8526874
1000,1723108524.9053094
1001,1723108524.921131
1002,1723108524.9716237
1003,1723108524.987149
1004,1723108525.0380044
1005,1723108525.053501
1006,1723108525.1045206
1007,1723108525.1200354
1008,1723108525.170677
1009,1723108525.1859663
1010,1723108525.2375662
1011,1723108525.252918
1012,1723108525.3042266
1013,1723108525.3192244
1014,1723108525.3701537
1015,1723108525.385503
1016,1723108525.438338
1017,1723108525.4538157
1018,1723108525.5041351
1019,1723108525.519728
1020,1723108525.5709372
1021,1723108525.5861263
1022,1723108525.6368034
1023,1723108525.6520505
1024,1723108525.7040179
1025,1723108525.7195415
1026,1723108525.770689
1027,1723108525.7895625
1028,1723108525.8378928
1029,1723108525.8561153
1030,1723108525.9040747
1031,1723108525.92298
1032,1723108525.9703703
1033,1723108525.9873407
1034,1723108526.0370986
1035,1723108526.052845
1036,1723108526.1039305
1037,1723108526.1191938
1038,1723108526.1695483
1039,1723108526.1844697
1040,1723108526.2363105
1041,1723108526.2525227
1042,1723108526.30283
1043,1723108526.3182826
1044,1723108526.3700383
1045,1723108526.3855274
1046,1723108526.4357214
1047,1723108526.4509213
1048,1723108526.5028522
1049,1723108526.5180814
1050,1723108526.5692968
1051,1723108526.584749
1052,1723108526.6358876
1053,1723108526.6550298
1054,1723108526.7021918
1055,1723108526.7216213
1056,1723108526.768955
1057,1723108526.7846553
1058,1723108526.8353875
1059,1723108526.8508065
1060,1723108526.9021566
1061,1723108526.9179869
1062,1723108526.969015
1063,1723108526.9847264
1064,1723108527.035517
1065,1723108527.0509498
1066,1723108527.1019068
1067,1723108527.117604
1068,1723108527.1686428
1069,1723108527.1837413
1070,1723108527.2346094
1071,1723108527.2500534
1072,1723108527.3017564
1073,1723108527.317448
1074,1723108527.3682315
1075,1723108527.3837488
1076,1723108527.4353235
1077,1723108527.4506757
1078,1723108527.5022416
1079,1723108527.5175147
1080,1723108527.568069
1081,1723108527.5834165
1082,1723108527.634502
1083,1723108527.6504037
1084,1723108527.7016718
1085,1723108527.71726
1086,1723108527.7679884
1087,1723108527.783995
1088,1723108527.8346262
1089,1723108527.8500154
1090,1723108527.90128
1091,1723108527.9171176
1092,1723108527.9682755
1093,1723108527.9844742
1094,1723108528.0342925
1095,1723108528.049978
1096,1723108528.1013339
1097,1723108528.1173956
1098,1723108528.1674438
1099,1723108528.1829977
1100,1723108528.233794
1101,1723108528.2491465
1102,1723108528.3006306
1103,1723108528.31604
1104,1723108528.3672032
1105,1723108528.382668
1106,1723108528.434015
1107,1723108528.4496446
1108,1723108528.5008872
1109,1723108528.5167294
1110,1723108528.567249
1111,1723108528.582832
1112,1723108528.6334128
1113,1723108528.648171
1114,1723108528.700937
1115,1723108528.716643
1116,1723108528.7665763
1117,1723108528.782041
1118,1723108528.8329298
1119,1723108528.8485167
1120,1723108528.900713
1121,1723108528.9165256
1122,1723108528.966879
1123,1723108528.986227
1124,1723108529.034335
1125,1723108529.0540028
1126,1723108529.104145
1127,1723108529.1264062
1128,1723108529.1661654
1129,1723108529.1816742
1130,1723108529.2327442
1131,1723108529.248391
1132,1723108529.3000116
1133,1723108529.3153017
1134,1723108529.3673246
1135,1723108529.3827326
1136,1723108529.4326305
1137,1723108529.4478836
1138,1723108529.499533
1139,1723108529.515469
1140,1723108529.5665364
1141,1723108529.5821588
1142,1723108529.6322224
1143,1723108529.6479473
1144,1723108529.717595
1145,1723108529.735709
1146,1723108529.7654707
1147,1723108529.785052
1148,1723108529.8320062
1149,1723108529.851962
1150,1723108529.9000127
1151,1723108529.91576
1152,1723108529.9655614
1153,1723108529.981439
1154,1723108530.0319824
1155,1723108530.0517726
1156,1723108530.0987952
1157,1723108530.1185534
1158,1723108530.1652994
1159,1723108530.1813803
1160,1723108530.2314758
1161,1723108530.248063
1162,1723108530.2988708
1163,1723108530.3155692
1164,1723108530.3665252
1165,1723108530.382397
1166,1723108530.4319677
1167,1723108530.4488127
1168,1723108530.4986906
1169,1723108530.5159144
1170,1723108530.5654328
1171,1723108530.5828354
1172,1723108530.6317685
1173,1723108530.6483824
1174,1723108530.6986752
1175,1723108530.7152255
1176,1723108530.7643414
1177,1723108530.7821834
1178,1723108530.8311934
1179,1723108530.8488836
1180,1723108530.899204
1181,1723108530.9152057
1182,1723108530.9651566
1183,1723108530.982106
1184,1723108531.0308313
1185,1723108531.0486479
1186,1723108531.0980334
1187,1723108531.1159825
1188,1723108531.1641934
1189,1723108531.1820354
1190,1723108531.231267
1191,1723108531.2498305
1192,1723108531.298176
1193,1723108531.3171334
1194,1723108531.3640552
1195,1723108531.3828053
1196,1723108531.4310865
1197,1723108531.4495275
1198,1723108531.4973583
1199,1723108531.5163162
1200,1723108531.5632012
1201,1723108531.5823395
1202,1723108531.63005
1203,1723108531.6491916
1204,1723108531.697016
1205,1723108531.7161298
1206,1723108531.7633038
1207,1723108531.7827847
1208,1723108531.8302422
1209,1723108531.8492262
1210,1723108531.8974416
1211,1723108531.9162621
1212,1723108531.9630625
1213,1723108531.9830098
1214,1723108532.0300488
1215,1723108532.050124
1216,1723108532.09628
1217,1723108532.116613
1218,1723108532.1630106
1219,1723108532.1832404
1220,1723108532.2294896
1221,1723108532.249609
1222,1723108532.2967682
1223,1723108532.3164318
1224,1723108532.3628473
1225,1723108532.3832016
1226,1723108532.429203
1227,1723108532.4496198
1228,1723108532.4963248
1229,1723108532.516242
1230,1723108532.5624268
1231,1723108532.5829856
1232,1723108532.6290987
1233,1723108532.6499484
1234,1723108532.6962304
1235,1723108532.7170959
1236,1723108532.7627306
1237,1723108532.8296087
1238,1723108532.8446653
1239,1723108532.895781
1240,1723108532.9617817
1241,1723108533.028437
1242,1723108533.0954337
1243,1723108533.1616611
1244,1723108533.233442
1245,1723108533.2519157
1246,1723108533.295742
1247,1723108533.3623874
1248,1723108533.4284465
1249,1723108533.4955177
1250,1723108533.5612202
1251,1723108533.628076
1252,1723108533.6955304
1253,1723108533.7611222
1254,1723108533.8278236
1255,1723108533.8947136
1256,1723108533.9603188
1257,1723108534.0271246
1258,1723108534.0943775
1259,1723108534.1604626
1260,1723108534.2273686
1261,1723108534.2946875
1262,1723108534.3608713
1263,1723108534.4273193
1264,1723108534.4938533
1265,1723108534.5606112
1266,1723108534.6268742
1267,1723108534.7178385
1268,1723108534.7605782
1269,1723108534.7761946
1270,1723108534.8269668
1271,1723108534.8935568
1272,1723108534.9096594
1273,1723108534.9598548
1274,1723108534.9749217
1275,1723108535.0260553
1276,1723108535.0932698
1277,1723108535.109482
1278,1723108535.1602383
1279,1723108535.226835
1280,1723108535.2929428
1281,1723108535.3593123
1282,1723108535.4260232
1283,1723108535.4931924
1284,1723108535.559281
1285,1723108535.6260011
1286,1723108535.6931138
1287,1723108535.7594316
1288,1723108535.825425
1289,1723108535.8406508
1290,1723108535.8926246
1291,1723108535.9584618
1292,1723108536.0254755
1293,1723108536.0924137
1294,1723108536.1588871
1295,1723108536.2251396
1296,1723108536.292149
1297,1723108536.3584528
1298,1723108536.425082
1299,1723108536.4917607
1300,1723108536.561398
1301,1723108536.6284397
1302,1723108536.6472154
1303,1723108536.6958745
1304,1723108536.7149217
1305,1723108536.7582722
1306,1723108536.8248603
1307,1723108536.8911116
1308,1723108536.9068696
1309,1723108536.9579287
1310,1723108537.0246859
1311,1723108537.0915897
1312,1723108537.1578093
1313,1723108537.2245424
1314,1723108537.2397966
1315,1723108537.2907019
1316,1723108537.357634
1317,1723108537.3726485
1318,1723108537.424153
1319,1723108537.4907591
1320,1723108537.5059574
1321,1723108537.5572143
1322,1723108537.6238613
1323,1723108537.6904962
1324,1723108537.7569027
1325,1723108537.8234756
1326,1723108537.8386068
1327,1723108537.8900898
1328,1723108537.9055817
1329,1723108537.9561393
1330,1723108537.9714298
1331,1723108538.02324
1332,1723108538.0903652
1333,1723108538.107469
1334,1723108538.1568103
1335,1723108538.171999
1336,1723108538.2228456
1337,1723108538.2894783
1338,1723108538.3602052
1339,1723108538.4267356
1340,1723108538.4930952
1341,1723108538.5557194
1342,1723108538.622519
1343,1723108538.6889954
1344,1723108538.7566102
1345,1723108538.7720578
1346,1723108538.822448
1347,1723108538.88874
1348,1723108538.9557226
1349,1723108539.021409
1350,1723108539.0882776
1351,1723108539.1552565
1352,1723108539.2221096
1353,1723108539.2888455
1354,1723108539.3555174
1355,1723108539.4218137
1356,1723108539.4892108
1357,1723108539.5552278
1358,1723108539.6215649
1359,1723108539.6367702
1360,1723108539.6914449
1361,1723108539.70704
1362,1723108539.7552066
1363,1723108539.7702065
1364,1723108539.8218513
1365,1723108539.837162
1366,1723108539.8887649
1367,1723108539.9041953
1368,1723108539.954596
1369,1723108539.9699
1370,1723108540.021307
1371,1723108540.035976
1372,1723108540.0881336
1373,1723108540.103546
1374,1723108540.1544385
1375,1723108540.1696913
1376,1723108540.2207446
1377,1723108540.2356758
1378,1723108540.287916
1379,1723108540.3040314
1380,1723108540.3542671
1381,1723108540.3692532
1382,1723108540.4208174
1383,1723108540.4359052
1384,1723108540.4871142
1385,1723108540.503178
1386,1723108540.5540857
1387,1723108540.5692155
1388,1723108540.6197493
1389,1723108540.6351562
1390,1723108540.6930888
1391,1723108540.714545
1392,1723108540.7600596
1393,1723108540.7814033
1394,1723108540.8263378
1395,1723108540.8476334
1396,1723108540.8927956
1397,1723108540.9125998
1398,1723108540.954376
1399,1723108540.969805
1400,1723108541.0198674
1401,1723108541.0349483
1402,1723108541.0867057
1403,1723108541.102416
1404,1723108541.1533155
1405,1723108541.1689894
1406,1723108541.2200966
1407,1723108541.235502
1408,1723108541.2868843
1409,1723108541.3025222
1410,1723108541.3536515
1411,1723108541.3688753
1412,1723108541.4195132
1413,1723108541.4347754
1414,1723108541.4860342
1415,1723108541.5012312
1416,1723108541.553026
1417,1723108541.5685012
1418,1723108541.619998
1419,1723108541.63544
1420,1723108541.6862323
1421,1723108541.7017958
1422,1723108541.754019
1423,1723108541.7696764
1424,1723108541.8192658
1425,1723108541.8345697
1426,1723108541.8860412
1427,1723108541.9015808
1428,1723108541.952632
1429,1723108541.9677777
1430,1723108542.0186868
1431,1723108542.0340292
1432,1723108542.0857918
1433,1723108542.1012511
1434,1723108542.15254
1435,1723108542.1680033
1436,1723108542.2193456
1437,1723108542.2344248
1438,1723108542.285513
1439,1723108542.3009322
1440,1723108542.3526947
1441,1723108542.3680034
1442,1723108542.418545
1443,1723108542.433623
1444,1723108542.4852886
1445,1723108542.500483
1446,1723108542.5518303
1447,1723108542.5674596
1448,1723108542.6181576
1449,1723108542.6332538
1450,1723108542.685032
1451,1723108542.700074
1452,1723108542.7520456
1453,1723108542.7675335
1454,1723108542.8180127
1455,1723108542.8331046
1456,1723108542.8848023
1457,1723108542.9001641
1458,1723108542.9514475
1459,1723108542.9668677
1460,1723108543.0180438
1461,1723108543.0335853
1462,1723108543.0842972
1463,1723108543.099899
1464,1723108543.1512756
1465,1723108543.1667705
1466,1723108543.2177925
1467,1723108543.2329993
1468,1723108543.284557
1469,1723108543.2996974
1470,1723108543.351657
1471,1723108543.3667967
1472,1723108543.4170291
1473,1723108543.432321
1474,1723108543.4838395
1475,1723108543.4988456
1476,1723108543.5511074
1477,1723108543.5661395
1478,1723108543.6172051
1479,1723108543.6320715
1480,1723108543.6840973
1481,1723108543.6991525
1482,1723108543.7511046
1483,1723108543.7664225
1484,1723108543.8172474
1485,1723108543.8321543
1486,1723108543.8835676
1487,1723108543.898944
1488,1723108543.9503872
1489,1723108543.9659624
1490,1723108544.017105
1491,1723108544.032055
1492,1723108544.0840473
1493,1723108544.099187
1494,1723108544.1509683
1495,1723108544.1668797
1496,1723108544.2165859
1497,1723108544.231583
1498,1723108544.283775
1499,1723108544.2988021
1500,1723108544.350291
1501,1723108544.3655462
1502,1723108544.416668
1503,1723108544.4321408
1504,1723108544.4830055
1505,1723108544.4985058
1506,1723108544.5495992
1507,1723108544.5650003
1508,1723108544.6166575
1509,1723108544.6317623
1510,1723108544.682753
1511,1723108544.698383
1512,1723108544.7496586
1513,1723108544.7650278
1514,1723108544.8156898
1515,1723108544.8310657
1516,1723108544.882726
1517,1723108544.8979888
1518,1723108544.949011
1519,1723108544.9641314
1520,1723108545.0155005
1521,1723108545.030874
1522,1723108545.0827134
1523,1723108545.097849
1524,1723108545.1496766
1525,1723108545.1654058
1526,1723108545.215358
1527,1723108545.230288
1528,1723108545.281936
1529,1723108545.2970178
1530,1723108545.3487132
1531,1723108545.3641598
1532,1723108545.4154851
1533,1723108545.4310453
1534,1723108545.481987
1535,1723108545.4971778
1536,1723108545.5486991
1537,1723108545.5641332
1538,1723108545.6154077
1539,1723108545.6311386
1540,1723108545.6824248
1541,1723108545.6974692
1542,1723108545.7482388
1543,1723108545.763739
1544,1723108545.8147376
1545,1723108545.8296812
1546,1723108545.8814118
1547,1723108545.8967285
1548,1723108545.9490278
1549,1723108545.9643948
1550,1723108546.015053
1551,1723108546.0307074
1552,1723108546.0812726
1553,1723108546.0967038
1554,1723108546.148344
1555,1723108546.1640258
1556,1723108546.2149553
1557,1723108546.2297668
1558,1723108546.2808487
1559,1723108546.2962954
1560,1723108546.3475642
1561,1723108546.3626795
1562,1723108546.4138105
1563,1723108546.429673
1564,1723108546.481207
1565,1723108546.4964824
1566,1723108546.5476089
1567,1723108546.5630567
1568,1723108546.6139567
1569,1723108546.6289513
1570,1723108546.6807923
1571,1723108546.6964567
1572,1723108546.7475266
1573,1723108546.7629135
1574,1723108546.8136237
1575,1723108546.828675
1576,1723108546.879953
1577,1723108546.8951397
1578,1723108546.9471738
1579,1723108546.9631824
1580,1723108547.013618
1581,1723108547.0285518
1582,1723108547.0799289
1583,1723108547.0947924
1584,1723108547.146909
1585,1723108547.1620123
1586,1723108547.2132716
1587,1723108547.2290254
1588,1723108547.2800193
1589,1723108547.2955651
1590,1723108547.3467014
1591,1723108547.3618412
1592,1723108547.4130359
1593,1723108547.4281757
1594,1723108547.4799716
1595,1723108547.4955585
1596,1723108547.5471964
1597,1723108547.562583
1598,1723108547.612871
1599,1723108547.627738
1600,1723108547.6794407
1601,1723108547.6948178
1602,1723108547.748065
1603,1723108547.764227
1604,1723108547.812801
1605,1723108547.8280194
1606,1723108547.8793135
1607,1723108547.8947845
1608,1723108547.9463496
1609,1723108547.961615
1610,1723108548.0122533
1611,1723108548.0275958
1612,1723108548.079583
1613,1723108548.0947716
1614,1723108548.146185
1615,1723108548.1613715
1616,1723108548.2117684
1617,1723108548.2279077
1618,1723108548.278671
1619,1723108548.2946095
1620,1723108548.346897
1621,1723108548.3623924
1622,1723108548.411859
1623,1723108548.427265
1624,1723108548.479063
1625,1723108548.4947495
1626,1723108548.5453691
1627,1723108548.561388
1628,1723108548.6118798
1629,1723108548.6275895
1630,1723108548.6781354
1631,1723108548.694234
1632,1723108548.7450879
1633,1723108548.7620625
1634,1723108548.8118117
1635,1723108548.828841
1636,1723108548.8785043
1637,1723108548.894726
1638,1723108548.9453793
1639,1723108548.9616787
1640,1723108549.0114865
1641,1723108549.0282526
1642,1723108549.0781207
1643,1723108549.0960038
1644,1723108549.1460164
1645,1723108549.1630633
1646,1723108549.211496
1647,1723108549.2289157
1648,1723108549.2780921
1649,1723108549.2957945
1650,1723108549.3452005
1651,1723108549.3621554
1652,1723108549.4111822
1653,1723108549.4280322
1654,1723108549.4775307
1655,1723108549.4949236
1656,1723108549.5441554
1657,1723108549.5618067
1658,1723108549.610656
1659,1723108549.6287422
1660,1723108549.6805623
1661,1723108549.6961124
1662,1723108549.74342
1663,1723108549.7621558
1664,1723108549.8105037
1665,1723108549.828362
1666,1723108549.8767908
1667,1723108549.8958154
1668,1723108549.9440973
1669,1723108549.9620752
1670,1723108550.0101018
1671,1723108550.028641
1672,1723108550.0762782
1673,1723108550.0957887
1674,1723108550.1437278
1675,1723108550.1626382
1676,1723108550.2102745
1677,1723108550.228449
1678,1723108550.2764328
1679,1723108550.2955039
1680,1723108550.3438964
1681,1723108550.3622384
1682,1723108550.409826
1683,1723108550.4288685
1684,1723108550.476455
1685,1723108550.495526
1686,1723108550.5431328
1687,1723108550.5624354
1688,1723108550.6098168
1689,1723108550.6291697
1690,1723108550.6759882
1691,1723108550.6964426
1692,1723108550.7428632
1693,1723108550.762805
1694,1723108550.8093746
1695,1723108550.829568
1696,1723108550.876014
1697,1723108550.8966084
1698,1723108550.9429917
1699,1723108550.9631333
1700,1723108551.0091074
1701,1723108551.0291877
1702,1723108551.0752761
1703,1723108551.0961783
1704,1723108551.1425173
1705,1723108551.162897
1706,1723108551.2087772
1707,1723108551.2291074
1708,1723108551.2753482
1709,1723108551.295982
1710,1723108551.3422658
1711,1723108551.4084864
1712,1723108551.4239948
1713,1723108551.4754589
1714,1723108551.5421963
1715,1723108551.557961
1716,1723108551.6081138
1717,1723108551.6748958
1718,1723108551.7421694
1719,1723108551.8084471
1720,1723108551.8751807
1721,1723108551.9419897
1722,1723108552.0077126
1723,1723108552.0743206
1724,1723108552.1412163
1725,1723108552.2075975
1726,1723108552.274347
1727,1723108552.3413515
1728,1723108552.3568964
1729,1723108552.4075036
1730,1723108552.4744456
1731,1723108552.5418067
1732,1723108552.608261
1733,1723108552.6750443
1734,1723108552.6908386
1735,1723108552.7408986
1736,1723108552.8075285
1737,1723108552.8745077
1738,1723108552.8907318
1739,1723108552.9414105
1740,1723108552.9576688
1741,1723108553.0073721
1742,1723108553.074055
1743,1723108553.1425996
1744,1723108553.206871
1745,1723108553.2223785
1746,1723108553.2740903
1747,1723108553.3412776
1748,1723108553.357783
1749,1723108553.4071474
1750,1723108553.473616
1751,1723108553.5404518
1752,1723108553.6066434
1753,1723108553.6731389
1754,1723108553.6890006
1755,1723108553.7406275
1756,1723108553.756384
1757,1723108553.8070605
1758,1723108553.8738008
1759,1723108553.889533
1760,1723108553.9394467
1761,1723108553.9550405
1762,1723108554.0062914
1763,1723108554.0728924
1764,1723108554.1397502
1765,1723108554.2061322
1766,1723108554.2218926
1767,1723108554.2725103
1768,1723108554.2882078
1769,1723108554.3394587
1770,1723108554.3563373
1771,1723108554.4059064
1772,1723108554.4218965
1773,1723108554.4723957
1774,1723108554.539546
1775,1723108554.611029
1776,1723108554.627059
1777,1723108554.671608
1778,1723108554.7390816
1779,1723108554.8049994
1780,1723108554.8716278
1781,1723108554.9381516
1782,1723108555.0048456
1783,1723108555.071158
1784,1723108555.0864782
1785,1723108555.138029
1786,1723108555.1534667
1787,1723108555.2044618
1788,1723108555.2715187
1789,1723108555.286799
1790,1723108555.338403
1791,1723108555.3540447
1792,1723108555.4042602
1793,1723108555.4706748
1794,1723108555.4861336
1795,1723108555.5378773
1796,1723108555.604175
1797,1723108555.6710389
1798,1723108555.6863933
1799,1723108555.7382267
1800,1723108555.8042188
1801,1723108555.8704398
1802,1723108555.9371674
1803,1723108556.0033386
1804,1723108556.070591
1805,1723108556.137084
1806,1723108556.2036839
1807,1723108556.2698925
1808,1723108556.2851934
1809,1723108556.3369138
1810,1723108556.3524654
1811,1723108556.402954
1812,1723108556.4179745
1813,1723108556.4696808
1814,1723108556.4851744
1815,1723108556.5366175
1816,1723108556.6031373
1817,1723108556.6697724
1818,1723108556.6850414
1819,1723108556.7368906
1820,1723108556.7532089
1821,1723108556.8027697
1822,1723108556.8691416
1823,1723108556.9364314
1824,1723108556.9522877
1825,1723108557.0021346
1826,1723108557.017228
1827,1723108557.0688224
1828,1723108557.135965
1829,1723108557.2021677
1830,1723108557.2172322
1831,1723108557.268192
1832,1723108557.33531
1833,1723108557.40175
1834,1723108557.46837
1835,1723108557.4837146
1836,1723108557.534896
1837,1723108557.6008747
1838,1723108557.6160407
1839,1723108557.6682358
1840,1723108557.7373724
1841,1723108557.7549093
1842,1723108557.8039107
1843,1723108557.8700943
1844,1723108557.885391
1845,1723108557.9359734
1846,1723108558.001863
1847,1723108558.0174263
1848,1723108558.068053
1849,1723108558.0833519
1850,1723108558.134819
1851,1723108558.1503568
1852,1723108558.2013812
1853,1723108558.2166455
1854,1723108558.2707458
1855,1723108558.2863214
1856,1723108558.3360183
1857,1723108558.3527596
1858,1723108558.401248
1859,1723108558.416976
1860,1723108558.467999
1861,1723108558.4828687
1862,1723108558.5347733
1863,1723108558.5504777
1864,1723108558.6009936
1865,1723108558.6157737
1866,1723108558.6673
1867,1723108558.6822681
1868,1723108558.7339942
1869,1723108558.7497013
1870,1723108558.8012896
1871,1723108558.8165507
1872,1723108558.867199
1873,1723108558.881968
1874,1723108558.93459
1875,1723108558.9503355
1876,1723108559.000839
1877,1723108559.0157871
1878,1723108559.0674865
1879,1723108559.082736
1880,1723108559.1338003
1881,1723108559.1490285
1882,1723108559.20018
1883,1723108559.2153533
1884,1723108559.2666776
1885,1723108559.281628
1886,1723108559.3345761
1887,1723108559.3505292
1888,1723108559.400498
1889,1723108559.4156413
1890,1723108559.4665136
1891,1723108559.4819283
1892,1723108559.533094
1893,1723108559.548906
1894,1723108559.5997765
1895,1723108559.615272
1896,1723108559.6661263
1897,1723108559.7160387
1898,1723108559.7333574
1899,1723108559.749217
1900,1723108559.799729
1901,1723108559.8151178
1902,1723108559.8701565
1903,1723108559.8862638
1904,1723108559.9368174
1905,1723108559.9530208
1906,1723108559.999315
1907,1723108560.0150523
1908,1723108560.065893
1909,1723108560.081544
1910,1723108560.1330693
1911,1723108560.1491275
1912,1723108560.1990707
1913,1723108560.2142777
1914,1723108560.2658737
1915,1723108560.2812536
1916,1723108560.3328438
1917,1723108560.3488944
1918,1723108560.3993032
1919,1723108560.414916
1920,1723108560.4654238
1921,1723108560.4806287
1922,1723108560.5321994
1923,1723108560.5477097
1924,1723108560.599309
1925,1723108560.6148777
1926,1723108560.6655967
1927,1723108560.6809342
1928,1723108560.731932
1929,1723108560.7472477
1930,1723108560.7988124
1931,1723108560.8152108
1932,1723108560.8657854
1933,1723108560.88095
1934,1723108560.9319427
1935,1723108560.9475965
1936,1723108560.9983833
1937,1723108561.0141404
1938,1723108561.0653355
1939,1723108561.0812175
1940,1723108561.1317863
1941,1723108561.1475427
1942,1723108561.1985972
1943,1723108561.2138522
1944,1723108561.2652044
1945,1723108561.282659
1946,1723108561.3318982
1947,1723108561.347452
1948,1723108561.39835
1949,1723108561.4138486
1950,1723108561.464985
1951,1723108561.4804182
1952,1723108561.5310323
1953,1723108561.546365
1954,1723108561.5977361
1955,1723108561.6130826
1956,1723108561.664342
1957,1723108561.6801293
1958,1723108561.7310908
1959,1723108561.746649
1960,1723108561.7978926
1961,1723108561.8132606
1962,1723108561.8643448
1963,1723108561.8796105
1964,1723108561.9305305
1965,1723108561.9464447
1966,1723108561.997643
1967,1723108562.0129423
1968,1723108562.0637717
1969,1723108562.0791607
1970,1723108562.1311498
1971,1723108562.1467361
1972,1723108562.1974084
1973,1723108562.2127252
1974,1723108562.2642605
1975,1723108562.2793446
1976,1723108562.3309774
1977,1723108562.346723
1978,1723108562.397137
1979,1723108562.4124913
1980,1723108562.463113
1981,1723108562.4783943
1982,1723108562.533758
1983,1723108562.5492816
1984,1723108562.6001425
1985,1723108562.6155756
1986,1723108562.667222
1987,1723108562.6826184
1988,1723108562.733916
1989,1723108562.74932
1990,1723108562.7966852
1991,1723108562.8120584
1992,1723108562.8630228
1993,1723108562.8780048
1994,1723108562.9294548
1995,1723108562.945269
1996,1723108562.996296
1997,1723108563.0119913
1998,1723108563.063097
1999,1723108563.0783637
2000,1723108563.1293197
2001,1723108563.144966
2002,1723108563.1964056
2003,1723108563.2119322
2004,1723108563.2628503
2005,1723108563.278688
2006,1723108563.329655
2007,1723108563.346674
2008,1723108563.3958805
2009,1723108563.4111218
2010,1723108563.4623787
2011,1723108563.4774513
2012,1723108563.528951
2013,1723108563.5442448
2014,1723108563.59584
2015,1723108563.6111856
2016,1723108563.661992
2017,1723108563.6772366
2018,1723108563.7288356
2019,1723108563.7440727
2020,1723108563.7956421
2021,1723108563.8109953
2022,1723108563.8617754
2023,1723108563.8770654
2024,1723108563.9282367
2025,1723108563.9437659
2026,1723108563.995269
2027,1723108564.0110586
2028,1723108564.0617108
2029,1723108564.077447
2030,1723108564.1285381
2031,1723108564.1437714
2032,1723108564.1951811
2033,1723108564.210571
2034,1723108564.261778
2035,1723108564.2773411
2036,1723108564.3279293
2037,1723108564.3436716
2038,1723108564.394846
2039,1723108564.4102046
2040,1723108564.4616709
2041,1723108564.4773397
2042,1723108564.5279448
2043,1723108564.5432658
2044,1723108564.5950837
2045,1723108564.6105602
2046,1723108564.6614106
2047,1723108564.6765428
2048,1723108564.730638
2049,1723108564.746144
2050,1723108564.7978194
2051,1723108564.813963
2052,1723108564.860735
2053,1723108564.8765743
2054,1723108564.9276075
2055,1723108564.9432025
2056,1723108564.9941425
2057,1723108565.0095065
2058,1723108565.060572
2059,1723108565.075796
2060,1723108565.127428
2061,1723108565.1431823
2062,1723108565.1938777
2063,1723108565.2091784
2064,1723108565.2603464
2065,1723108565.276091
2066,1723108565.326795
2067,1723108565.3423128
2068,1723108565.3935606
2069,1723108565.4088202
2070,1723108565.4600806
2071,1723108565.4755147
2072,1723108565.526736
2073,1723108565.5422902
2074,1723108565.5940225
2075,1723108565.609622
2076,1723108565.660708
2077,1723108565.6762455
2078,1723108565.7266357
2079,1723108565.7421193
2080,1723108565.7934358
2081,1723108565.8086712
2082,1723108565.8599648
2083,1723108565.8755982
2084,1723108565.9260907
2085,1723108565.941615
2086,1723108565.9930506
2087,1723108566.0085526
2088,1723108566.0595875
2089,1723108566.0747392
2090,1723108566.1269727
2091,1723108566.1422148
2092,1723108566.1927645
2093,1723108566.2080555
2094,1723108566.2595181
2095,1723108566.274936
2096,1723108566.325575
2097,1723108566.3410895
2098,1723108566.3927608
2099,1723108566.4080038
2100,1723108566.4593415
2101,1723108566.4749036
2102,1723108566.5259202
2103,1723108566.5410726
2104,1723108566.592388
2105,1723108566.6080573
2106,1723108566.6591876
2107,1723108566.674551
2108,1723108566.7254736
2109,1723108566.7409477
2110,1723108566.7922835
2111,1723108566.8078496
2112,1723108566.8585167
2113,1723108566.8742747
2114,1723108566.9252431
2115,1723108566.940977
2116,1723108566.9919527
2117,1723108567.007504
2118,1723108567.0587702
2119,1723108567.0740125
2120,1723108567.124977
2121,1723108567.1405253
2122,1723108567.1915958
2123,1723108567.2073765
2124,1723108567.2581344
2125,1723108567.274045
2126,1723108567.324976
2127,1723108567.3407671
2128,1723108567.3914616
2129,1723108567.407657
2130,1723108567.4581475
2131,1723108567.4744954
2132,1723108567.5246089
2133,1723108567.5414493
2134,1723108567.5914888
2135,1723108567.608041
2136,1723108567.6576252
2137,1723108567.6744843
2138,1723108567.7246606
2139,1723108567.7413812
2140,1723108567.7908702
2141,1723108567.8080838
2142,1723108567.8572478
2143,1723108567.8745914
2144,1723108567.9243646
2145,1723108567.9411008
2146,1723108567.990981
2147,1723108568.0081332
2148,1723108568.0579302
2149,1723108568.0746632
2150,1723108568.1244767
2151,1723108568.141341
2152,1723108568.1902618
2153,1723108568.2082825
2154,1723108568.2567816
2155,1723108568.2753913
2156,1723108568.3240917
2157,1723108568.342689
2158,1723108568.3911085
2159,1723108568.4086502
2160,1723108568.4565742
2161,1723108568.475997
2162,1723108568.5247207
2163,1723108568.5424418
2164,1723108568.5910316
2165,1723108568.6092095
2166,1723108568.657358
2167,1723108568.6750865
2168,1723108568.723043
2169,1723108568.742187
2170,1723108568.7897754
2171,1723108568.808609
2172,1723108568.8565123
2173,1723108568.8750272
2174,1723108568.9234962
2175,1723108568.9420605
2176,1723108568.9898436
2177,1723108569.0084722
2178,1723108569.0565915
2179,1723108569.075596
2180,1723108569.1228511
2181,1723108569.14265
2182,1723108569.1896083
2183,1723108569.2087803
2184,1723108569.2557125
2185,1723108569.2757328
2186,1723108569.3228397
2187,1723108569.3431082
2188,1723108569.3893826
2189,1723108569.4096467
2190,1723108569.4562538
2191,1723108569.475989
2192,1723108569.5226345
2193,1723108569.5421054
2194,1723108569.589293
2195,1723108569.6088083
2196,1723108569.655702
2197,1723108569.676172
2198,1723108569.7329452
2199,1723108569.7482693
2200,1723108569.7886937
2201,1723108569.8093553
2202,1723108569.8559182
2203,1723108569.8759518
2204,1723108569.9223523
2205,1723108569.9888234
2206,1723108570.0043108
2207,1723108570.0555139
2208,1723108570.1214724
2209,1723108570.1368792
2210,1723108570.1886935
2211,1723108570.2549016
2212,1723108570.3211823
2213,1723108570.3885775
2214,1723108570.4550753
2215,1723108570.5214837
2216,1723108570.5877934
2217,1723108570.6072376
2218,1723108570.654123
2219,1723108570.7210178
2220,1723108570.7365952
2221,1723108570.7880201
2222,1723108570.8539417
2223,1723108570.921137
2224,1723108570.987835
2225,1723108571.0542293
2226,1723108571.1205153
2227,1723108571.186931
2228,1723108571.2530432
2229,1723108571.3205702
2230,1723108571.3873055
2231,1723108571.4533849
2232,1723108571.5200562
2233,1723108571.5868828
2234,1723108571.6528535
2235,1723108571.720018
2236,1723108571.7867146
2237,1723108571.8533933
2238,1723108571.9197595
2239,1723108571.9864984
2240,1723108572.0020866
2241,1723108572.0527055
2242,1723108572.1196072
2243,1723108572.1861537
2244,1723108572.2017221
2245,1723108572.2526877
2246,1723108572.3195274
2247,1723108572.3360138
2248,1723108572.3874364
2249,1723108572.452359
2250,1723108572.5190475
2251,1723108572.5856001
2252,1723108572.652699
2253,1723108572.7188473
2254,1723108572.7854903
2255,1723108572.8515668
2256,1723108572.9187999
2257,1723108572.985778
2258,1723108573.051672
2259,1723108573.1181319
2260,1723108573.1858413
2261,1723108573.2523694
2262,1723108573.3183367
2263,1723108573.3850195
2264,1723108573.400804
2265,1723108573.4515958
2266,1723108573.5178366
2267,1723108573.584832
2268,1723108573.6512833
2269,1723108573.6673915
2270,1723108573.7179515
2271,1723108573.73328
2272,1723108573.7848775
2273,1723108573.8511605
2274,1723108573.9240232
2275,1723108573.939857
2276,1723108573.9840736
2277,1723108574.0515356
2278,1723108574.1170266
2279,1723108574.1842904
2280,1723108574.251178
2281,1723108574.3175945
2282,1723108574.3334231
2283,1723108574.384283
2284,1723108574.4498982
2285,1723108574.5171325
2286,1723108574.5331874
2287,1723108574.5848997
2288,1723108574.6502912
2289,1723108574.717399
2290,1723108574.7839947
2291,1723108574.8502316
2292,1723108574.9163513
2293,1723108574.9832606
2294,1723108575.0494587
2295,1723108575.116478
2296,1723108575.1831396
2297,1723108575.2497315
2298,1723108575.3164368
2299,1723108575.3828282
2300,1723108575.398405
2301,1723108575.449094
2302,1723108575.515892
2303,1723108575.5824487
2304,1723108575.5982122
2305,1723108575.648708
2306,1723108575.7152073
2307,1723108575.7818546
2308,1723108575.7977
2309,1723108575.8479335
2310,1723108575.8642747
2311,1723108575.9152577
2312,1723108575.9818285
2313,1723108576.048123
2314,1723108576.1147726
2315,1723108576.1309693
2316,1723108576.1813028
2317,1723108576.196958
2318,1723108576.2481527
2319,1723108576.3151243
2320,1723108576.3814657
2321,1723108576.447983
2322,1723108576.4641113
2323,1723108576.5148683
2324,1723108576.5815334
2325,1723108576.5975003
2326,1723108576.6482825
2327,1723108576.666978
2328,1723108576.7146494
2329,1723108576.73009
2330,1723108576.7813504
2331,1723108576.7970076
2332,1723108576.8476574
2333,1723108576.8631015
2334,1723108576.914523
2335,1723108576.9303029
2336,1723108576.9812021
2337,1723108576.9965973
2338,1723108577.0474036
2339,1723108577.0629153
2340,1723108577.114448
2341,1723108577.1304674
2342,1723108577.1806953
2343,1723108577.1966794
2344,1723108577.2470305
2345,1723108577.2625787
2346,1723108577.313892
2347,1723108577.3294513
2348,1723108577.3803627
2349,1723108577.3959055
2350,1723108577.446974
2351,1723108577.4630957
2352,1723108577.5142841
2353,1723108577.5297904
2354,1723108577.5802393
2355,1723108577.5956995
2356,1723108577.6466737
2357,1723108577.662482
2358,1723108577.7132552
2359,1723108577.7288215
2360,1723108577.7804697
2361,1723108577.796257
2362,1723108577.8465059
2363,1723108577.8626661
2364,1723108577.91331
2365,1723108577.9289048
2366,1723108577.9797633
2367,1723108577.9957104
2368,1723108578.046617
2369,1723108578.0619195
2370,1723108578.1132388
2371,1723108578.1289885
2372,1723108578.1795883
2373,1723108578.1949522
2374,1723108578.2462223
2375,1723108578.2616022
2376,1723108578.3131213
2377,1723108578.3285105
2378,1723108578.3793805
2379,1723108578.3949077
2380,1723108578.4461417
2381,1723108578.4621267
2382,1723108578.5128284
2383,1723108578.5284033
2384,1723108578.579329
2385,1723108578.5950158
2386,1723108578.6453798
2387,1723108578.6609616
2388,1723108578.71245
2389,1723108578.728341
2390,1723108578.7797852
2391,1723108578.795416
2392,1723108578.8462589
2393,1723108578.8619256
2394,1723108578.912495
2395,1723108578.9283593
2396,1723108578.9791293
2397,1723108578.9953136
2398,1723108579.0451655
2399,1723108579.0608048
2400,1723108579.1124268
2401,1723108579.1278052
2402,1723108579.1787941
2403,1723108579.194794
2404,1723108579.2453344
2405,1723108579.2606857
2406,1723108579.3122098
2407,1723108579.3276782
2408,1723108579.379887
2409,1723108579.3962445
2410,1723108579.4449844
2411,1723108579.460951
2412,1723108579.512163
2413,1723108579.5277963
2414,1723108579.578374
2415,1723108579.5945106
2416,1723108579.6449165
2417,1723108579.6607816
2418,1723108579.7113385
2419,1723108579.7271798
2420,1723108579.778377
2421,1723108579.7942152
2422,1723108579.844773
2423,1723108579.8606877
2424,1723108579.9115381
2425,1723108579.9271104
2426,1723108579.977596
2427,1723108579.9932003
2428,1723108580.0443547
2429,1723108580.0602565
2430,1723108580.110883
2431,1723108580.1271262
2432,1723108580.1776924
2433,1723108580.1941683
2434,1723108580.244136
2435,1723108580.25995
2436,1723108580.3110676
2437,1723108580.3270695
2438,1723108580.3776588
2439,1723108580.393473
2440,1723108580.4440439
2441,1723108580.4597383
2442,1723108580.5107372
2443,1723108580.526186
2444,1723108580.5771804
2445,1723108580.5928757
2446,1723108580.6435359
2447,1723108580.6594636
2448,1723108580.7110164
2449,1723108580.7269201
2450,1723108580.777146
2451,1723108580.7928557
2452,1723108580.843865
2453,1723108580.859301
2454,1723108580.9103596
2455,1723108580.9258163
2456,1723108580.9769278
2457,1723108580.9926782
2458,1723108581.0469124
2459,1723108581.0659988
2460,1723108581.1132216
2461,1723108581.1322482
2462,1723108581.1805983
2463,1723108581.1989336
2464,1723108581.2433367
2465,1723108581.258524
2466,1723108581.310317
2467,1723108581.3255625
2468,1723108581.376988
2469,1723108581.3945107
2470,1723108581.4424412
2471,1723108581.458245
2472,1723108581.509304
2473,1723108581.524424
2474,1723108581.576021
2475,1723108581.5913882
2476,1723108581.6421766
2477,1723108581.6570847
2478,1723108581.7092078
2479,1723108581.7244763
2480,1723108581.7761075
2481,1723108581.7912872
2482,1723108581.8427389
2483,1723108581.858014
2484,1723108581.9149618
2485,1723108581.9363658
2486,1723108581.975429
2487,1723108581.9921176
2488,1723108582.0422206
2489,1723108582.0576458
2490,1723108582.112527
2491,1723108582.1285946
2492,1723108582.1791754
2493,1723108582.1956565
2494,1723108582.2458894
2495,1723108582.262499
2496,1723108582.3124068
2497,1723108582.3285918
2498,1723108582.3754256
2499,1723108582.391138
2500,1723108582.441956
2501,1723108582.4579656
2502,1723108582.5093346
2503,1723108582.5254495
2504,1723108582.5758665
2505,1723108582.5919526
2506,1723108582.6422026
2507,1723108582.657775
2508,1723108582.7092936
2509,1723108582.725143
2510,1723108582.7754934
2511,1723108582.7922652
2512,1723108582.842503
2513,1723108582.8584082
2514,1723108582.908931
2515,1723108582.924471
2516,1723108582.9746065
2517,1723108582.990771
2518,1723108583.042152
2519,1723108583.0574615
2520,1723108583.1076076
2521,1723108583.1230955
2522,1723108583.1745417
2523,1723108583.1911116
2524,1723108583.241383
2525,1723108583.2566938
2526,1723108583.308077
2527,1723108583.3237915
2528,1723108583.374957
2529,1723108583.3909776
2530,1723108583.4413528
2531,1723108583.4568589
2532,1723108583.5074475
2533,1723108583.522867
2534,1723108583.574117
2535,1723108583.5905938
2536,1723108583.6408443
2537,1723108583.6561856
2538,1723108583.7075481
2539,1723108583.7228947
2540,1723108583.7741916
2541,1723108583.7902722
2542,1723108583.840677
2543,1723108583.856367
2544,1723108583.9068956
2545,1723108583.9227006
2546,1723108583.9732788
2547,1723108583.98931
2548,1723108584.0403647
2549,1723108584.056004
2550,1723108584.1074443
2551,1723108584.1234648
2552,1723108584.1736245
2553,1723108584.1892383
2554,1723108584.2399821
2555,1723108584.2554476
2556,1723108584.3067834
2557,1723108584.3222497
2558,1723108584.3727496
2559,1723108584.3885925
2560,1723108584.4397483
2561,1723108584.4556382
2562,1723108584.5060003
2563,1723108584.52158
2564,1723108584.5727665
2565,1723108584.5908382
2566,1723108584.639599
2567,1723108584.6548743
2568,1723108584.7062526
2569,1723108584.7214818
2570,1723108584.7725005
2571,1723108584.788772
2572,1723108584.8429677
2573,1723108584.8581836
2574,1723108584.9057696
2575,1723108584.9213188
2576,1723108584.9726558
2577,1723108584.9883037
2578,1723108585.039096
2579,1723108585.0544028
2580,1723108585.1058934
2581,1723108585.1215663
2582,1723108585.1734319
2583,1723108585.1893427
2584,1723108585.2394495
2585,1723108585.2548609
2586,1723108585.3050797
2587,1723108585.320538
2588,1723108585.3720984
2589,1723108585.388109
2590,1723108585.4384727
2591,1723108585.4542851
2592,1723108585.5056827
2593,1723108585.5212922
2594,1723108585.5720491
2595,1723108585.587812
2596,1723108585.638692
2597,1723108585.6538484
2598,1723108585.7052414
2599,1723108585.7206373
2600,1723108585.7715316
2601,1723108585.787228
2602,1723108585.8385484
2603,1723108585.8538957
2604,1723108585.9048312
2605,1723108585.920359
2606,1723108585.971216
2607,1723108585.9878426
2608,1723108586.0385067
2609,1723108586.0541155
2610,1723108586.1050518
2611,1723108586.1210682
2612,1723108586.171295
2613,1723108586.1881685
2614,1723108586.2380328
2615,1723108586.254302
2616,1723108586.3043435
2617,1723108586.3210628
2618,1723108586.3710048
2619,1723108586.3880675
2620,1723108586.437414
2621,1723108586.4544797
2622,1723108586.504358
2623,1723108586.5209446
2624,1723108586.57066
2625,1723108586.5878544
2626,1723108586.637782
2627,1723108586.6543071
2628,1723108586.7038586
2629,1723108586.7210982
2630,1723108586.7700374
2631,1723108586.7883596
2632,1723108586.8373365
2633,1723108586.854259
2634,1723108586.903699
2635,1723108586.9216151
2636,1723108586.9706233
2637,1723108586.9882534
2638,1723108587.0370107
2639,1723108587.055466
2640,1723108587.1037464
2641,1723108587.1219363
2642,1723108587.1704478
2643,1723108587.188778
2644,1723108587.2369099
2645,1723108587.2548373
2646,1723108587.3027878
2647,1723108587.3215392
2648,1723108587.3695188
2649,1723108587.388374
2650,1723108587.4365776
2651,1723108587.45533
2652,1723108587.503528
2653,1723108587.5214722
2654,1723108587.5732014
2655,1723108587.5893908
2656,1723108587.6405168
2657,1723108587.6561713
2658,1723108587.7062025
2659,1723108587.7221491
2660,1723108587.7724524
2661,1723108587.7891543
2662,1723108587.8391366
2663,1723108587.8557155
2664,1723108587.902937
2665,1723108587.922211
2666,1723108587.9730306
2667,1723108587.989598
2668,1723108588.0391667
2669,1723108588.0557923
2670,1723108588.105418
2671,1723108588.1224582
2672,1723108588.172192
2673,1723108588.1892288
2674,1723108588.2358217
2675,1723108588.2553144
2676,1723108588.3021834
2677,1723108588.3223436
2678,1723108588.369132
2679,1723108588.3904016
2680,1723108588.437143
2681,1723108588.456528
2682,1723108588.502835
2683,1723108588.5696893
2684,1723108588.6351402
2685,1723108588.7020774
2686,1723108588.7686758
2687,1723108588.8350587
2688,1723108588.9014513
2689,1723108588.9681742
2690,1723108589.0352252
2691,1723108589.101253
2692,1723108589.1682534
2693,1723108589.1839628
2694,1723108589.234313
2695,1723108589.2499385
2696,1723108589.30111
2697,1723108589.3675077
2698,1723108589.4343235
2699,1723108589.450165
2700,1723108589.5007467
2701,1723108589.5677655
2702,1723108589.641721
2703,1723108589.7001386
2704,1723108589.7668207
2705,1723108589.834062
2706,1723108589.9001982
2707,1723108589.9668803
2708,1723108590.033623
2709,1723108590.1002614
2710,1723108590.16676
2711,1723108590.2337248
2712,1723108590.2491753
2713,1723108590.2993314
2714,1723108590.371042
2715,1723108590.4405077
2716,1723108590.5063381
2717,1723108590.5731761
2718,1723108590.6404903
2719,1723108590.7057154
2720,1723108590.7730772
2721,1723108590.8329647
2722,1723108590.8994
2723,1723108590.9669104
2724,1723108590.9835281
2725,1723108591.033527
2726,1723108591.0500033
2727,1723108591.0996592
2728,1723108591.1166112
2729,1723108591.1657162
2730,1723108591.1818004
2731,1723108591.2330575
2732,1723108591.299065
2733,1723108591.3156874
2734,1723108591.3668363
2735,1723108591.4338953
2736,1723108591.4502127
2737,1723108591.498947
2738,1723108591.5154545
2739,1723108591.5655031
2740,1723108591.5811698
2741,1723108591.631739
2742,1723108591.6983156
2743,1723108591.7648084
2744,1723108591.8319106
2745,1723108591.8479633
2746,1723108591.898473
2747,1723108591.9652352
2748,1723108591.9814475
2749,1723108592.0322025
2750,1723108592.0484366
2751,1723108592.0988264
2752,1723108592.1155133
2753,1723108592.164821
2754,1723108592.180993
2755,1723108592.2314377
2756,1723108592.2976794
2757,1723108592.3645778
2758,1723108592.4316733
2759,1723108592.497819
2760,1723108592.5640426
2761,1723108592.6318712
2762,1723108592.6975129
2763,1723108592.7645204
2764,1723108592.8322618
2765,1723108592.8975189
2766,1723108592.963625
2767,1723108593.0303037
2768,1723108593.0965662
2769,1723108593.1632223
2770,1723108593.2303536
2771,1723108593.2971134
2772,1723108593.3652477
2773,1723108593.3811946
2774,1723108593.4306312
2775,1723108593.4469173
2776,1723108593.496627
2777,1723108593.562742
2778,1723108593.6294425
2779,1723108593.6453207
2780,1723108593.696173
2781,1723108593.762621
2782,1723108593.8297632
2783,1723108593.8454635
2784,1723108593.895606
2785,1723108593.911676
2786,1723108593.9624465
2787,1723108594.0295632
2788,1723108594.0455804
2789,1723108594.095437
2790,1723108594.1618721
2791,1723108594.2292569
2792,1723108594.2458007
2793,1723108594.2956758
2794,1723108594.3615768
2795,1723108594.3771389
2796,1723108594.4280775
2797,1723108594.4477391
2798,1723108594.4944563
2799,1723108594.5104308
2800,1723108594.561024
2801,1723108594.576532
2802,1723108594.6280138
2803,1723108594.6435764
2804,1723108594.693777
2805,1723108594.7100637
2806,1723108594.7608306
2807,1723108594.8279996
2808,1723108594.8438013
2809,1723108594.8943532
2810,1723108594.9100406
2811,1723108594.9607787
2812,1723108594.976514
2813,1723108595.0281808
2814,1723108595.0438132
2815,1723108595.1011343
2816,1723108595.1204412
2817,1723108595.1608934
2818,1723108595.1760767
2819,1723108595.227493
2820,1723108595.2431767
2821,1723108595.2941337
2822,1723108595.3095064
2823,1723108595.3606977
2824,1723108595.3764162
2825,1723108595.427519
2826,1723108595.4430978
2827,1723108595.4944832
2828,1723108595.510116
2829,1723108595.5608206
2830,1723108595.5764337
2831,1723108595.6276243
2832,1723108595.6437602
2833,1723108595.693581
2834,1723108595.709072
2835,1723108595.760472
2836,1723108595.7762146
2837,1723108595.8269274
2838,1723108595.8424249
2839,1723108595.8933396
2840,1723108595.9090729
2841,1723108595.960042
2842,1723108595.975257
2843,1723108596.0268772
2844,1723108596.042353
2845,1723108596.093073
2846,1723108596.1086278
2847,1723108596.1595337
2848,1723108596.1753902
2849,1723108596.22689
2850,1723108596.2424257
2851,1723108596.292954
2852,1723108596.3086498
2853,1723108596.3593833
2854,1723108596.3747435
